# {InputWorkspace: MoTe2_S1_P19_warm_up_201_250K_target_244.3167actual	 P1Bin: -2.07,1.92	 P2Bin: -0.1,0.1	 P3Bin: -1.49,0,1.49	 P4Bin: 	 P5Bin: 	 OutputWorkspace: MoTe2_S1_P19_warm_up_201_250K_target_244.3167actual_cuts }
# [0,0,L] in 0.447 A^-1	 Signal	 Error
-1.49	-nan	-nan
-1.47	-nan	-nan
-1.45	-nan	-nan
-1.43	-nan	-nan
-1.41	-nan	-nan
-1.39	-nan	-nan
-1.37	-nan	-nan
-1.35	-nan	-nan
-1.33	-nan	-nan
-1.31	-nan	-nan
-1.29	-nan	-nan
-1.27	-nan	-nan
-1.25	-nan	-nan
-1.23	-nan	-nan
-1.21	-nan	-nan
-1.19	1.43209e-05	1.13444e-06
-1.17	1.56295e-05	1.1868e-06
-1.15	1.71292e-05	1.23439e-06
-1.13	1.86244e-05	1.2906e-06
-1.11	1.92621e-05	1.30739e-06
-1.09	2.13538e-05	1.37483e-06
-1.07	2.18e-05	1.38714e-06
-1.05	2.19186e-05	1.39338e-06
-1.03	2.42487e-05	1.46462e-06
-1.01	2.4397e-05	1.46064e-06
-0.99	2.53578e-05	1.49949e-06
-0.97	2.63094e-05	1.52634e-06
-0.95	2.57258e-05	1.50635e-06
-0.93	2.50159e-05	1.49136e-06
-0.91	2.59229e-05	1.51365e-06
-0.89	2.50857e-05	1.49396e-06
-0.87	2.40757e-05	1.45946e-06
-0.85	2.33184e-05	1.43347e-06
-0.83	2.09434e-05	1.35114e-06
-0.81	2.10076e-05	1.35125e-06
-0.79	1.83315e-05	1.25803e-06
-0.77	1.72299e-05	1.21878e-06
-0.75	1.59185e-05	1.16522e-06
-0.73	1.39511e-05	1.08883e-06
-0.71	1.21282e-05	1.01347e-06
-0.69	1.18078e-05	1.00822e-06
-0.67	1.088e-05	9.62525e-07
-0.65	1.09545e-05	9.69108e-07
-0.63	9.96864e-06	9.28635e-07
-0.61	9.64011e-06	9.18588e-07
-0.59	9.65713e-06	9.18433e-07
-0.57	8.66868e-06	8.72547e-07
-0.55	9.02737e-06	8.94517e-07
-0.53	9.0921e-06	8.97338e-07
-0.51	9.27568e-06	9.07262e-07
-0.49	9.15306e-06	9.02356e-07
-0.47	8.50222e-06	8.78406e-07
-0.45	8.56192e-06	8.71314e-07
-0.43	8.28876e-06	8.65492e-07
-0.41	8.0833e-06	8.53074e-07
-0.39	8.44785e-06	8.76084e-07
-0.37	8.59823e-06	8.79727e-07
-0.35	8.05329e-06	8.44954e-07
-0.33	7.99978e-06	8.42368e-07
-0.31	7.92723e-06	8.39147e-07
-0.29	8.1192e-06	8.57676e-07
-0.27	7.965e-06	8.38128e-07
-0.25	7.97001e-06	8.3952e-07
-0.23	8.35926e-06	8.57531e-07
-0.21	8.70644e-06	8.73162e-07
-0.19	8.93402e-06	8.88685e-07
-0.17	8.98698e-06	8.84831e-07
-0.15	8.83874e-06	8.76022e-07
-0.13	9.00505e-06	8.80117e-07
-0.11	9.01465e-06	8.84094e-07
-0.09	8.88161e-06	8.80652e-07
-0.0700001	9.30447e-06	8.98812e-07
-0.0500001	9.36588e-06	9.01174e-07
-0.0300001	9.62879e-06	9.15137e-07
-0.00999999	9.97284e-06	9.29083e-07
0.00999999	8.95906e-06	8.75985e-07
0.03	9.47257e-06	9.11392e-07
0.05	9.44019e-06	8.97918e-07
0.0699999	9.80672e-06	9.25585e-07
0.0899999	8.99632e-06	8.89629e-07
0.11	9.73677e-06	9.56409e-07
0.13	9.25886e-06	9.14547e-07
0.15	8.85578e-06	8.88141e-07
0.17	1.00225e-05	9.36436e-07
0.19	8.64412e-06	8.75451e-07
0.21	8.74231e-06	8.76066e-07
0.23	8.59392e-06	8.70891e-07
0.25	8.51785e-06	8.73018e-07
0.27	8.25369e-06	8.49632e-07
0.29	7.98124e-06	8.45473e-07
0.31	8.05018e-06	8.4101e-07
0.33	8.45777e-06	8.67639e-07
0.35	8.93349e-06	8.93364e-07
0.37	7.42976e-06	8.11808e-07
0.39	7.64731e-06	8.189e-07
0.41	7.83841e-06	8.35495e-07
0.43	8.23974e-06	8.59305e-07
0.45	7.93114e-06	8.40979e-07
0.47	8.08975e-06	8.55899e-07
0.49	7.8508e-06	8.39954e-07
0.51	7.80854e-06	8.34636e-07
0.53	7.77767e-06	8.34355e-07
0.55	8.03868e-06	8.50312e-07
0.57	8.0891e-06	8.58305e-07
0.59	8.36533e-06	8.68674e-07
0.61	8.14149e-06	8.55802e-07
0.63	7.96979e-06	8.43834e-07
0.65	8.91585e-06	8.9225e-07
0.67	8.65582e-06	8.78151e-07
0.69	8.81292e-06	8.83681e-07
0.71	9.7633e-06	9.36479e-07
0.73	9.36296e-06	9.12131e-07
0.75	1.02963e-05	9.59049e-07
0.77	1.1576e-05	1.01712e-06
0.79	1.31428e-05	1.07804e-06
0.81	1.36478e-05	1.11857e-06
0.83	1.51372e-05	1.17738e-06
0.85	1.73371e-05	1.25592e-06
0.87	1.75928e-05	1.26836e-06
0.89	1.89531e-05	1.30747e-06
0.91	2.12174e-05	1.4069e-06
0.93	2.28219e-05	1.45653e-06
0.95	2.28196e-05	1.4529e-06
0.97	2.34265e-05	1.47117e-06
0.99	2.40712e-05	1.48503e-06
1.01	2.48125e-05	1.51451e-06
1.03	2.49136e-05	1.52309e-06
1.05	2.3906e-05	1.48711e-06
1.07	2.33256e-05	1.45491e-06
1.09	2.35901e-05	1.45826e-06
1.11	2.14661e-05	1.38283e-06
1.13	2.17879e-05	1.39109e-06
1.15	2.11432e-05	1.36899e-06
1.17	1.96897e-05	1.30105e-06
1.19	1.81943e-05	1.25995e-06
1.21	1.63202e-05	1.19093e-06
1.23	1.58965e-05	1.16918e-06
1.25	1.39092e-05	1.08764e-06
1.27	1.30347e-05	1.06312e-06
1.29	1.15481e-05	1.00362e-06
1.31	1.17283e-05	1.01431e-06
1.33	1.07684e-05	9.639e-07
1.35	9.75409e-06	9.20834e-07
1.37	-nan	-nan
1.39	-nan	-nan
1.41	-nan	-nan
1.43	-nan	-nan
1.45	-nan	-nan
1.47	-nan	-nan
1.49	-nan	-nan
