# {InputWorkspace: MoTe2_S1_P19_warm_up_201_160K_target_155.6007actual	 P1Bin: -2.07,1.92	 P2Bin: -0.1,0.1	 P3Bin: -1.49,0,1.49	 P4Bin: 	 P5Bin: 	 OutputWorkspace: MoTe2_S1_P19_warm_up_201_160K_target_155.6007actual_cuts }
# [0,0,L] in 0.447 A^-1	 Signal	 Error
-1.49	-nan	-nan
-1.47	-nan	-nan
-1.45	-nan	-nan
-1.43	-nan	-nan
-1.41	-nan	-nan
-1.39	-nan	-nan
-1.37	-nan	-nan
-1.35	-nan	-nan
-1.33	-nan	-nan
-1.31	-nan	-nan
-1.29	-nan	-nan
-1.27	-nan	-nan
-1.25	-nan	-nan
-1.23	-nan	-nan
-1.21	-nan	-nan
-1.19	1.67565e-05	1.21614e-06
-1.17	1.71163e-05	1.23585e-06
-1.15	1.88574e-05	1.29078e-06
-1.13	1.98041e-05	1.32393e-06
-1.11	2.07313e-05	1.34896e-06
-1.09	2.09129e-05	1.35564e-06
-1.07	2.24916e-05	1.40315e-06
-1.05	2.26922e-05	1.40455e-06
-1.03	2.37873e-05	1.44509e-06
-1.01	2.37652e-05	1.44184e-06
-0.99	2.45653e-05	1.46859e-06
-0.97	2.48303e-05	1.47273e-06
-0.95	2.40021e-05	1.44679e-06
-0.93	2.46102e-05	1.46895e-06
-0.91	2.40073e-05	1.45045e-06
-0.89	2.29424e-05	1.41657e-06
-0.87	2.21922e-05	1.38967e-06
-0.85	2.04971e-05	1.32771e-06
-0.83	1.7939e-05	1.24032e-06
-0.81	1.76118e-05	1.22403e-06
-0.79	1.63164e-05	1.18093e-06
-0.77	1.49355e-05	1.12863e-06
-0.75	1.26965e-05	1.03231e-06
-0.73	1.1633e-05	9.97659e-07
-0.71	1.08974e-05	9.67912e-07
-0.69	1.05097e-05	9.50072e-07
-0.67	9.24419e-06	8.94368e-07
-0.65	9.18822e-06	8.94819e-07
-0.63	9.07797e-06	8.89004e-07
-0.61	9.56751e-06	9.11337e-07
-0.59	8.76831e-06	8.77704e-07
-0.57	8.84311e-06	8.82111e-07
-0.55	8.39643e-06	8.60386e-07
-0.53	8.48582e-06	8.71137e-07
-0.51	8.48554e-06	8.74298e-07
-0.49	8.06796e-06	8.49276e-07
-0.47	8.85971e-06	8.91414e-07
-0.45	8.31554e-06	8.62433e-07
-0.43	7.8013e-06	8.40377e-07
-0.41	8.31449e-06	8.66021e-07
-0.39	7.6653e-06	8.33668e-07
-0.37	8.11118e-06	8.55655e-07
-0.35	7.72352e-06	8.28401e-07
-0.33	7.4425e-06	8.11326e-07
-0.31	8.4105e-06	8.57277e-07
-0.29	7.88732e-06	8.36384e-07
-0.27	7.68749e-06	8.24193e-07
-0.25	8.73701e-06	8.76119e-07
-0.23	7.7107e-06	8.16316e-07
-0.21	8.24968e-06	8.48645e-07
-0.19	8.59816e-06	8.5985e-07
-0.17	8.40382e-06	8.48859e-07
-0.15	8.77555e-06	8.69764e-07
-0.13	8.69122e-06	8.59544e-07
-0.11	8.76887e-06	8.70575e-07
-0.09	8.575e-06	8.58562e-07
-0.0700001	8.92782e-06	8.7755e-07
-0.0500001	8.92835e-06	8.77615e-07
-0.0300001	8.66543e-06	8.58707e-07
-0.00999999	8.785e-06	8.66058e-07
0.00999999	9.57487e-06	9.1132e-07
0.03	8.53889e-06	8.54577e-07
0.05	9.492e-06	9.15654e-07
0.0699999	8.40959e-06	8.6082e-07
0.0899999	9.08484e-06	9.01352e-07
0.11	8.63483e-06	8.99109e-07
0.13	9.28389e-06	9.18607e-07
0.15	9.60647e-06	9.326e-07
0.17	9.13332e-06	8.98466e-07
0.19	9.00152e-06	8.94205e-07
0.21	8.92224e-06	8.95862e-07
0.23	7.8025e-06	8.27687e-07
0.25	7.68892e-06	8.27316e-07
0.27	7.35103e-06	8.04238e-07
0.29	7.01033e-06	7.87574e-07
0.31	7.8775e-06	8.3546e-07
0.33	7.42891e-06	8.17608e-07
0.35	7.55111e-06	8.23678e-07
0.37	7.3263e-06	8.01341e-07
0.39	7.29249e-06	8.06531e-07
0.41	7.81138e-06	8.29204e-07
0.43	7.75962e-06	8.33066e-07
0.45	7.43354e-06	8.14358e-07
0.47	7.99169e-06	8.49261e-07
0.49	7.03792e-06	7.93929e-07
0.51	7.67201e-06	8.33883e-07
0.53	7.32401e-06	8.12561e-07
0.55	7.72822e-06	8.31645e-07
0.57	8.02213e-06	8.44888e-07
0.59	7.77889e-06	8.36014e-07
0.61	8.12317e-06	8.56043e-07
0.63	8.32905e-06	8.55584e-07
0.65	8.68494e-06	8.85142e-07
0.67	9.00052e-06	8.88169e-07
0.69	8.69477e-06	8.74617e-07
0.71	9.44346e-06	9.20497e-07
0.73	1.00901e-05	9.53266e-07
0.75	1.12355e-05	1.00551e-06
0.77	1.36578e-05	1.10737e-06
0.79	1.37563e-05	1.10479e-06
0.81	1.57779e-05	1.20375e-06
0.83	1.74819e-05	1.26831e-06
0.85	1.83807e-05	1.30114e-06
0.87	1.95924e-05	1.33385e-06
0.89	2.0392e-05	1.3615e-06
0.91	2.28271e-05	1.46466e-06
0.93	2.30373e-05	1.46396e-06
0.95	2.39399e-05	1.49268e-06
0.97	2.39391e-05	1.49165e-06
0.99	2.36429e-05	1.47514e-06
1.01	2.38659e-05	1.48576e-06
1.03	2.34189e-05	1.47206e-06
1.05	2.36683e-05	1.47894e-06
1.07	2.28483e-05	1.4364e-06
1.09	2.18298e-05	1.40057e-06
1.11	2.01406e-05	1.34214e-06
1.13	1.90329e-05	1.29478e-06
1.15	1.85808e-05	1.283e-06
1.17	1.71882e-05	1.22517e-06
1.19	1.6324e-05	1.19487e-06
1.21	1.44956e-05	1.12389e-06
1.23	1.31342e-05	1.07499e-06
1.25	1.18564e-05	1.01644e-06
1.27	1.06403e-05	9.5967e-07
1.29	9.51547e-06	9.07747e-07
1.31	9.45473e-06	9.12153e-07
1.33	9.23537e-06	8.98886e-07
1.35	8.97944e-06	8.88029e-07
1.37	-nan	-nan
1.39	-nan	-nan
1.41	-nan	-nan
1.43	-nan	-nan
1.45	-nan	-nan
1.47	-nan	-nan
1.49	-nan	-nan
