# {InputWorkspace: MoTe2_S1_P19_warm_up_201_170K_target_164.7208actual	 P1Bin: -2.07,1.92	 P2Bin: -0.1,0.1	 P3Bin: -1.49,0,1.49	 P4Bin: 	 P5Bin: 	 OutputWorkspace: MoTe2_S1_P19_warm_up_201_170K_target_164.7208actual_cuts }
# [0,0,L] in 0.447 A^-1	 Signal	 Error
-1.49	-nan	-nan
-1.47	-nan	-nan
-1.45	-nan	-nan
-1.43	-nan	-nan
-1.41	-nan	-nan
-1.39	-nan	-nan
-1.37	-nan	-nan
-1.35	-nan	-nan
-1.33	-nan	-nan
-1.31	-nan	-nan
-1.29	-nan	-nan
-1.27	-nan	-nan
-1.25	-nan	-nan
-1.23	-nan	-nan
-1.21	-nan	-nan
-1.19	1.70622e-05	1.23565e-06
-1.17	1.71281e-05	1.23506e-06
-1.15	1.81654e-05	1.27025e-06
-1.13	1.93602e-05	1.30719e-06
-1.11	2.0439e-05	1.34189e-06
-1.09	2.089e-05	1.35536e-06
-1.07	2.21026e-05	1.3896e-06
-1.05	2.30456e-05	1.41892e-06
-1.03	2.36895e-05	1.44162e-06
-1.01	2.36392e-05	1.43417e-06
-0.99	2.54486e-05	1.49073e-06
-0.97	2.54629e-05	1.49382e-06
-0.95	2.45566e-05	1.4652e-06
-0.93	2.25836e-05	1.40873e-06
-0.91	2.31791e-05	1.42481e-06
-0.89	2.259e-05	1.4061e-06
-0.87	2.15487e-05	1.36786e-06
-0.85	1.96512e-05	1.29971e-06
-0.83	1.82451e-05	1.25056e-06
-0.81	1.74237e-05	1.21799e-06
-0.79	1.60596e-05	1.16402e-06
-0.77	1.51342e-05	1.12923e-06
-0.75	1.34054e-05	1.06472e-06
-0.73	1.12475e-05	9.76383e-07
-0.71	1.10583e-05	9.69908e-07
-0.69	1.00581e-05	9.24054e-07
-0.67	1.03059e-05	9.41302e-07
-0.65	9.65189e-06	9.12423e-07
-0.63	9.49665e-06	9.05197e-07
-0.61	8.67302e-06	8.70573e-07
-0.59	8.57369e-06	8.70444e-07
-0.57	8.41859e-06	8.65446e-07
-0.55	8.31883e-06	8.57283e-07
-0.53	8.72078e-06	8.79529e-07
-0.51	7.99156e-06	8.48043e-07
-0.49	7.82004e-06	8.32898e-07
-0.47	8.397e-06	8.705e-07
-0.45	8.4748e-06	8.67911e-07
-0.43	8.04391e-06	8.47728e-07
-0.41	7.32992e-06	8.09873e-07
-0.39	7.84845e-06	8.36819e-07
-0.37	7.75633e-06	8.3187e-07
-0.35	7.95561e-06	8.43297e-07
-0.33	8.14221e-06	8.52575e-07
-0.31	7.58901e-06	8.1784e-07
-0.29	7.79037e-06	8.27439e-07
-0.27	8.00844e-06	8.37702e-07
-0.25	7.71382e-06	8.19677e-07
-0.23	7.66237e-06	8.13717e-07
-0.21	8.46516e-06	8.56613e-07
-0.19	8.67571e-06	8.66272e-07
-0.17	9.00679e-06	8.80954e-07
-0.15	8.84743e-06	8.76544e-07
-0.13	9.00552e-06	8.82597e-07
-0.11	8.98762e-06	8.76538e-07
-0.09	8.9767e-06	8.77192e-07
-0.0700001	8.13868e-06	8.39994e-07
-0.0500001	8.90822e-06	8.78335e-07
-0.0300001	9.32799e-06	8.98293e-07
-0.00999999	8.89174e-06	8.79747e-07
0.00999999	8.99717e-06	8.89234e-07
0.03	9.65887e-06	9.17232e-07
0.05	9.44662e-06	9.14877e-07
0.0699999	8.61587e-06	8.68212e-07
0.0899999	8.718e-06	8.80224e-07
0.11	9.08602e-06	9.24481e-07
0.13	9.43533e-06	9.34297e-07
0.15	9.07744e-06	8.98087e-07
0.17	8.68755e-06	8.76297e-07
0.19	8.75687e-06	8.82974e-07
0.21	8.55038e-06	8.70353e-07
0.23	8.67993e-06	8.76365e-07
0.25	8.32699e-06	8.59744e-07
0.27	7.33236e-06	7.98274e-07
0.29	7.36582e-06	8.1532e-07
0.31	7.9829e-06	8.41826e-07
0.33	7.40354e-06	8.16041e-07
0.35	7.57129e-06	8.22599e-07
0.37	6.74976e-06	7.73598e-07
0.39	7.23475e-06	7.98097e-07
0.41	7.50037e-06	8.12294e-07
0.43	7.33239e-06	8.07883e-07
0.45	7.79643e-06	8.33611e-07
0.47	7.4807e-06	8.21924e-07
0.49	7.81691e-06	8.36081e-07
0.51	8.06722e-06	8.54046e-07
0.53	7.47262e-06	8.18642e-07
0.55	7.1405e-06	8.00774e-07
0.57	7.23952e-06	8.0539e-07
0.59	7.77692e-06	8.38158e-07
0.61	8.25652e-06	8.62668e-07
0.63	8.20643e-06	8.57671e-07
0.65	8.15671e-06	8.53201e-07
0.67	8.97944e-06	8.94921e-07
0.69	9.08176e-06	8.98388e-07
0.71	1.02871e-05	9.59816e-07
0.73	1.04591e-05	9.70861e-07
0.75	1.12196e-05	1.00231e-06
0.77	1.27542e-05	1.06845e-06
0.79	1.36408e-05	1.09839e-06
0.81	1.58855e-05	1.2087e-06
0.83	1.63606e-05	1.2271e-06
0.85	1.80604e-05	1.28925e-06
0.87	1.9647e-05	1.34015e-06
0.89	2.10736e-05	1.3863e-06
0.91	2.33117e-05	1.47701e-06
0.93	2.30299e-05	1.46572e-06
0.95	2.38894e-05	1.49255e-06
0.97	2.34028e-05	1.47551e-06
0.99	2.40865e-05	1.48147e-06
1.01	2.43634e-05	1.49928e-06
1.03	2.38664e-05	1.48375e-06
1.05	2.36016e-05	1.47772e-06
1.07	2.29379e-05	1.44323e-06
1.09	2.2299e-05	1.40962e-06
1.11	2.0219e-05	1.34016e-06
1.13	2.02315e-05	1.33922e-06
1.15	1.86046e-05	1.27986e-06
1.17	1.70725e-05	1.2167e-06
1.19	1.53873e-05	1.15315e-06
1.21	1.38143e-05	1.09586e-06
1.23	1.38004e-05	1.10131e-06
1.25	1.24172e-05	1.03614e-06
1.27	1.16571e-05	1.0093e-06
1.29	1.06302e-05	9.69199e-07
1.31	9.33099e-06	9.02291e-07
1.33	9.27412e-06	8.9913e-07
1.35	8.71835e-06	8.76104e-07
1.37	-nan	-nan
1.39	-nan	-nan
1.41	-nan	-nan
1.43	-nan	-nan
1.45	-nan	-nan
1.47	-nan	-nan
1.49	-nan	-nan
