# {InputWorkspace: MoTe2_S1_P52_cool_down_201_160K_target_175.0621actual	 P1Bin: -2.07,1.92	 P2Bin: -0.1,0.1	 P3Bin: -1.49,0,1.49	 P4Bin: 	 P5Bin: 	 OutputWorkspace: MoTe2_S1_P52_cool_down_201_160K_target_175.0621actual_cuts }
# [0,0,L] in 0.449 A^-1	 Signal	 Error
-1.49	-nan	-nan
-1.47	-nan	-nan
-1.45	-nan	-nan
-1.43	-nan	-nan
-1.41	-nan	-nan
-1.39	-nan	-nan
-1.37	-nan	-nan
-1.35	-nan	-nan
-1.33	-nan	-nan
-1.31	-nan	-nan
-1.29	-nan	-nan
-1.27	-nan	-nan
-1.25	-nan	-nan
-1.23	-nan	-nan
-1.21	-nan	-nan
-1.19	-nan	-nan
-1.17	-nan	-nan
-1.15	-nan	-nan
-1.13	1.79645e-05	1.24281e-06
-1.11	1.82995e-05	1.25562e-06
-1.09	1.94182e-05	1.29e-06
-1.07	2.0255e-05	1.31484e-06
-1.05	1.92759e-05	1.28279e-06
-1.03	2.02582e-05	1.31312e-06
-1.01	1.99208e-05	1.3085e-06
-0.99	1.95431e-05	1.29244e-06
-0.97	1.93689e-05	1.28587e-06
-0.95	1.95099e-05	1.29076e-06
-0.93	1.90112e-05	1.27818e-06
-0.91	1.99366e-05	1.30856e-06
-0.89	1.89159e-05	1.27378e-06
-0.87	1.79e-05	1.23437e-06
-0.85	1.58474e-05	1.16097e-06
-0.83	1.45325e-05	1.10685e-06
-0.81	1.38787e-05	1.07609e-06
-0.79	1.26109e-05	1.02452e-06
-0.77	1.1926e-05	1.01353e-06
-0.75	1.12871e-05	9.80978e-07
-0.73	1.07226e-05	9.68772e-07
-0.71	1.00895e-05	9.36411e-07
-0.69	1.06554e-05	9.654e-07
-0.67	9.98103e-06	9.33564e-07
-0.65	9.51338e-06	9.06115e-07
-0.63	8.74517e-06	8.7156e-07
-0.61	9.90874e-06	9.27043e-07
-0.59	8.7067e-06	8.72301e-07
-0.57	9.2188e-06	8.93767e-07
-0.55	8.39154e-06	8.50976e-07
-0.53	8.9815e-06	8.83372e-07
-0.51	8.76463e-06	8.73826e-07
-0.49	8.63267e-06	8.64766e-07
-0.47	8.53912e-06	8.57827e-07
-0.45	9.06379e-06	8.88734e-07
-0.43	8.26576e-06	8.48412e-07
-0.41	8.00446e-06	8.27173e-07
-0.39	7.68491e-06	8.16403e-07
-0.37	7.95387e-06	8.27438e-07
-0.35	8.3087e-06	8.45259e-07
-0.33	7.65309e-06	8.09483e-07
-0.31	7.72972e-06	8.12957e-07
-0.29	7.93095e-06	8.25895e-07
-0.27	7.81285e-06	8.23927e-07
-0.25	7.75839e-06	8.25705e-07
-0.23	8.60792e-06	8.72158e-07
-0.21	8.08175e-06	8.45642e-07
-0.19	8.08797e-06	8.50654e-07
-0.17	8.20818e-06	8.60555e-07
-0.15	8.08732e-06	8.53294e-07
-0.13	7.99323e-06	8.47544e-07
-0.11	8.53659e-06	8.76424e-07
-0.09	8.59323e-06	8.78636e-07
-0.0700001	7.68404e-06	8.26992e-07
-0.0500001	8.71373e-06	8.88982e-07
-0.0300001	8.0456e-06	8.50987e-07
-0.00999999	7.83658e-06	8.37453e-07
0.00999999	8.431e-06	8.7194e-07
0.03	8.42034e-06	8.62573e-07
0.05	8.84516e-06	8.8819e-07
0.0699999	8.63604e-06	8.76441e-07
0.0899999	8.19118e-06	8.55147e-07
0.11	7.93265e-06	8.30627e-07
0.13	7.49407e-06	8.08606e-07
0.15	8.62674e-06	8.72779e-07
0.17	8.21059e-06	8.42543e-07
0.19	7.4523e-06	7.97973e-07
0.21	7.58366e-06	8.2441e-07
0.23	7.87853e-06	8.25927e-07
0.25	7.14724e-06	7.80855e-07
0.27	7.59508e-06	8.14303e-07
0.29	7.59384e-06	8.18922e-07
0.31	7.00265e-06	7.76691e-07
0.33	7.5281e-06	8.08732e-07
0.35	7.52138e-06	8.10306e-07
0.37	7.22006e-06	7.91325e-07
0.39	7.70528e-06	8.15047e-07
0.41	7.44778e-06	8.01863e-07
0.43	7.33543e-06	8.04736e-07
0.45	7.45191e-06	7.99572e-07
0.47	7.22275e-06	7.95232e-07
0.49	7.68633e-06	8.17594e-07
0.51	7.47649e-06	8.09232e-07
0.53	8.0165e-06	8.35559e-07
0.55	7.96276e-06	8.3253e-07
0.57	8.1592e-06	8.41122e-07
0.59	7.69136e-06	8.17063e-07
0.61	8.45124e-06	8.59899e-07
0.63	8.66828e-06	8.71481e-07
0.65	9.03847e-06	8.8776e-07
0.67	8.81797e-06	8.75364e-07
0.69	8.91683e-06	8.78513e-07
0.71	9.27838e-06	9.00668e-07
0.73	9.36886e-06	8.99141e-07
0.75	9.50028e-06	8.96523e-07
0.77	1.09804e-05	9.74943e-07
0.79	1.15734e-05	1.00383e-06
0.81	1.20892e-05	1.01643e-06
0.83	1.35941e-05	1.07329e-06
0.85	1.48981e-05	1.13104e-06
0.87	1.64011e-05	1.2025e-06
0.89	1.70683e-05	1.22773e-06
0.91	1.75505e-05	1.23616e-06
0.93	1.82927e-05	1.26765e-06
0.95	1.93865e-05	1.33152e-06
0.97	1.86581e-05	1.2966e-06
0.99	1.907e-05	1.30783e-06
1.01	2.00113e-05	1.34237e-06
1.03	2.01024e-05	1.35562e-06
1.05	1.96221e-05	1.33588e-06
1.07	1.91681e-05	1.31063e-06
1.09	1.93342e-05	1.30777e-06
1.11	1.89239e-05	1.29974e-06
1.13	1.72043e-05	1.22674e-06
1.15	1.7591e-05	1.23766e-06
1.17	1.58547e-05	1.17142e-06
1.19	1.45634e-05	1.1166e-06
1.21	1.44931e-05	1.09635e-06
1.23	1.35732e-05	1.06973e-06
1.25	1.2114e-05	1.00302e-06
1.27	1.19913e-05	1.00879e-06
1.29	1.11927e-05	9.72956e-07
1.31	1.09068e-05	9.71785e-07
1.33	1.04584e-05	9.43852e-07
1.35	9.92627e-06	9.19833e-07
1.37	9.98415e-06	9.32294e-07
1.39	-nan	-nan
1.41	-nan	-nan
1.43	-nan	-nan
1.45	-nan	-nan
1.47	-nan	-nan
1.49	-nan	-nan
