# {InputWorkspace: MoTe2_S1_P52_warm_up_201_5_target_265.0653actual	 P1Bin: -2.07,1.92	 P2Bin: -0.1,0.1	 P3Bin: -1.49,0,1.49	 P4Bin: 	 P5Bin: 	 OutputWorkspace: MoTe2_S1_P52_warm_up_201_5_target_265.0653actual_cuts }
# [0,0,L] in 0.449 A^-1	 Signal	 Error
-1.49	-nan	-nan
-1.47	-nan	-nan
-1.45	-nan	-nan
-1.43	-nan	-nan
-1.41	-nan	-nan
-1.39	-nan	-nan
-1.37	-nan	-nan
-1.35	-nan	-nan
-1.33	-nan	-nan
-1.31	-nan	-nan
-1.29	-nan	-nan
-1.27	-nan	-nan
-1.25	-nan	-nan
-1.23	-nan	-nan
-1.21	-nan	-nan
-1.19	-nan	-nan
-1.17	-nan	-nan
-1.15	-nan	-nan
-1.13	1.70532e-05	1.20973e-06
-1.11	1.70697e-05	1.21098e-06
-1.09	1.85053e-05	1.26284e-06
-1.07	1.86076e-05	1.26713e-06
-1.05	1.92329e-05	1.28581e-06
-1.03	1.85691e-05	1.26457e-06
-1.01	1.82983e-05	1.25936e-06
-0.99	1.95038e-05	1.29761e-06
-0.97	1.95132e-05	1.29818e-06
-0.95	1.90847e-05	1.29058e-06
-0.93	1.85353e-05	1.26948e-06
-0.91	1.94482e-05	1.29736e-06
-0.89	1.87615e-05	1.27776e-06
-0.87	1.79657e-05	1.24016e-06
-0.85	1.74732e-05	1.21717e-06
-0.83	1.55276e-05	1.15654e-06
-0.81	1.51492e-05	1.1358e-06
-0.79	1.47826e-05	1.11615e-06
-0.77	1.37358e-05	1.07976e-06
-0.75	1.2059e-05	1.01639e-06
-0.73	1.10003e-05	9.67805e-07
-0.71	1.10497e-05	9.72564e-07
-0.69	1.09739e-05	9.76012e-07
-0.67	1.05076e-05	9.55647e-07
-0.65	1.01761e-05	9.38857e-07
-0.63	9.79567e-06	9.20427e-07
-0.61	1.00205e-05	9.29476e-07
-0.59	9.23523e-06	8.89389e-07
-0.57	9.23506e-06	8.97037e-07
-0.55	8.69429e-06	8.66781e-07
-0.53	9.4265e-06	9.0777e-07
-0.51	9.62662e-06	9.17014e-07
-0.49	9.23079e-06	8.89794e-07
-0.47	9.15337e-06	8.87393e-07
-0.45	9.55254e-06	9.08622e-07
-0.43	8.88796e-06	8.79029e-07
-0.41	8.65465e-06	8.6198e-07
-0.39	8.6268e-06	8.60681e-07
-0.37	8.43003e-06	8.54318e-07
-0.35	8.43053e-06	8.53339e-07
-0.33	8.4706e-06	8.51109e-07
-0.31	8.29278e-06	8.4357e-07
-0.29	8.72637e-06	8.67372e-07
-0.27	7.90741e-06	8.27789e-07
-0.25	8.1295e-06	8.39046e-07
-0.23	8.3228e-06	8.50904e-07
-0.21	8.53934e-06	8.68591e-07
-0.19	8.24055e-06	8.53402e-07
-0.17	8.06479e-06	8.47189e-07
-0.15	8.51463e-06	8.69595e-07
-0.13	8.45681e-06	8.69871e-07
-0.11	8.81104e-06	8.92578e-07
-0.09	8.75615e-06	8.84794e-07
-0.0700001	8.67199e-06	8.81087e-07
-0.0500001	8.49267e-06	8.74967e-07
-0.0300001	8.68349e-06	8.89936e-07
-0.00999999	8.16028e-06	8.57033e-07
0.00999999	9.03465e-06	9.03748e-07
0.03	8.48242e-06	8.73023e-07
0.05	8.89058e-06	8.87591e-07
0.0699999	8.34663e-06	8.62288e-07
0.0899999	8.87617e-06	8.88398e-07
0.11	8.51337e-06	8.63571e-07
0.13	8.13881e-06	8.40495e-07
0.15	8.40042e-06	8.66389e-07
0.17	8.22087e-06	8.42518e-07
0.19	8.45169e-06	8.54489e-07
0.21	8.20008e-06	8.48968e-07
0.23	7.91179e-06	8.22176e-07
0.25	7.2925e-06	7.91621e-07
0.27	7.13962e-06	7.8438e-07
0.29	7.55434e-06	8.13343e-07
0.31	7.86506e-06	8.18053e-07
0.33	7.52995e-06	8.06384e-07
0.35	8.08394e-06	8.44086e-07
0.37	7.75454e-06	8.20373e-07
0.39	7.85148e-06	8.22087e-07
0.41	7.6394e-06	8.18937e-07
0.43	7.46002e-06	8.17185e-07
0.45	7.98902e-06	8.34832e-07
0.47	8.32299e-06	8.50571e-07
0.49	7.66745e-06	8.13047e-07
0.51	8.12534e-06	8.53164e-07
0.53	8.07844e-06	8.46802e-07
0.55	8.5067e-06	8.63984e-07
0.57	8.71481e-06	8.73478e-07
0.59	8.65456e-06	8.68204e-07
0.61	8.10141e-06	8.43621e-07
0.63	8.7106e-06	8.71823e-07
0.65	9.46855e-06	9.04219e-07
0.67	8.60086e-06	8.62001e-07
0.69	9.82685e-06	9.25171e-07
0.71	9.54343e-06	9.07533e-07
0.73	9.82156e-06	9.24645e-07
0.75	9.25557e-06	8.88055e-07
0.77	1.0785e-05	9.59653e-07
0.79	1.11804e-05	9.8219e-07
0.81	1.21214e-05	1.01803e-06
0.83	1.2666e-05	1.03525e-06
0.85	1.33497e-05	1.06964e-06
0.87	1.4423e-05	1.11687e-06
0.89	1.4848e-05	1.1269e-06
0.91	1.59459e-05	1.1681e-06
0.93	1.69407e-05	1.21417e-06
0.95	1.85141e-05	1.28606e-06
0.97	1.81433e-05	1.27238e-06
0.99	1.76137e-05	1.24859e-06
1.01	1.83551e-05	1.27552e-06
1.03	1.93085e-05	1.32676e-06
1.05	1.87252e-05	1.29729e-06
1.07	1.8532e-05	1.2851e-06
1.09	1.82387e-05	1.27146e-06
1.11	1.80849e-05	1.275e-06
1.13	1.7601e-05	1.23942e-06
1.15	1.74365e-05	1.24092e-06
1.17	1.62005e-05	1.18443e-06
1.19	1.62035e-05	1.1816e-06
1.21	1.60065e-05	1.16413e-06
1.23	1.44454e-05	1.10723e-06
1.25	1.32129e-05	1.04595e-06
1.27	1.26676e-05	1.03909e-06
1.29	1.30101e-05	1.05096e-06
1.31	1.27395e-05	1.04603e-06
1.33	1.25155e-05	1.02929e-06
1.35	1.15759e-05	9.88066e-07
1.37	1.30799e-05	1.06569e-06
1.39	-nan	-nan
1.41	-nan	-nan
1.43	-nan	-nan
1.45	-nan	-nan
1.47	-nan	-nan
1.49	-nan	-nan
