# {InputWorkspace: MoTe2_S1_P52_cool_down_201_190K_target_205.1018actual	 P1Bin: -2.07,1.92	 P2Bin: -0.1,0.1	 P3Bin: -1.49,0,1.49	 P4Bin: 	 P5Bin: 	 OutputWorkspace: MoTe2_S1_P52_cool_down_201_190K_target_205.1018actual_cuts }
# [0,0,L] in 0.449 A^-1	 Signal	 Error
-1.49	-nan	-nan
-1.47	-nan	-nan
-1.45	-nan	-nan
-1.43	-nan	-nan
-1.41	-nan	-nan
-1.39	-nan	-nan
-1.37	-nan	-nan
-1.35	-nan	-nan
-1.33	-nan	-nan
-1.31	-nan	-nan
-1.29	-nan	-nan
-1.27	-nan	-nan
-1.25	-nan	-nan
-1.23	-nan	-nan
-1.21	-nan	-nan
-1.19	-nan	-nan
-1.17	-nan	-nan
-1.15	-nan	-nan
-1.13	1.74433e-05	1.22474e-06
-1.11	1.79764e-05	1.24055e-06
-1.09	1.84366e-05	1.26387e-06
-1.07	1.87681e-05	1.27126e-06
-1.05	1.94705e-05	1.29013e-06
-1.03	1.94977e-05	1.29294e-06
-1.01	1.93497e-05	1.29042e-06
-0.99	1.94972e-05	1.29288e-06
-0.97	1.94739e-05	1.29688e-06
-0.95	1.95635e-05	1.29996e-06
-0.93	2.00583e-05	1.32131e-06
-0.91	2.07929e-05	1.34176e-06
-0.89	1.91364e-05	1.28549e-06
-0.87	1.91051e-05	1.27342e-06
-0.85	1.711e-05	1.20765e-06
-0.83	1.59783e-05	1.16846e-06
-0.81	1.45885e-05	1.10667e-06
-0.79	1.50392e-05	1.12914e-06
-0.77	1.22258e-05	1.02256e-06
-0.75	1.14285e-05	9.89698e-07
-0.73	1.08298e-05	9.67776e-07
-0.71	1.11059e-05	9.76488e-07
-0.69	9.8865e-06	9.20458e-07
-0.67	1.00788e-05	9.37278e-07
-0.65	9.28933e-06	8.9716e-07
-0.63	9.76971e-06	9.1527e-07
-0.61	9.53091e-06	9.10681e-07
-0.59	9.22584e-06	8.92985e-07
-0.57	9.23374e-06	8.9356e-07
-0.55	8.90526e-06	8.73575e-07
-0.53	9.31337e-06	8.98777e-07
-0.51	8.35652e-06	8.50169e-07
-0.49	9.33662e-06	9.02797e-07
-0.47	9.28232e-06	8.94806e-07
-0.45	8.75833e-06	8.73935e-07
-0.43	8.83632e-06	8.75882e-07
-0.41	8.63138e-06	8.63471e-07
-0.39	8.48403e-06	8.57465e-07
-0.37	7.89488e-06	8.25807e-07
-0.35	8.738e-06	8.70627e-07
-0.33	8.2175e-06	8.4023e-07
-0.31	8.30018e-06	8.46339e-07
-0.29	7.84145e-06	8.22392e-07
-0.27	8.39138e-06	8.53265e-07
-0.25	8.28201e-06	8.50086e-07
-0.23	8.15894e-06	8.47409e-07
-0.21	7.67124e-06	8.23543e-07
-0.19	7.88381e-06	8.38599e-07
-0.17	8.04959e-06	8.48886e-07
-0.15	7.96581e-06	8.37432e-07
-0.13	8.47253e-06	8.63711e-07
-0.11	8.21433e-06	8.58716e-07
-0.09	8.24761e-06	8.61069e-07
-0.0700001	8.00941e-06	8.42905e-07
-0.0500001	8.7348e-06	8.93674e-07
-0.0300001	8.2188e-06	8.62269e-07
-0.00999999	8.7613e-06	8.86492e-07
0.00999999	7.84844e-06	8.40623e-07
0.03	8.97391e-06	9.0028e-07
0.05	8.6759e-06	8.74839e-07
0.0699999	8.14577e-06	8.52023e-07
0.0899999	7.9378e-06	8.44074e-07
0.11	8.73464e-06	8.72724e-07
0.13	7.86752e-06	8.31293e-07
0.15	8.23351e-06	8.54432e-07
0.17	8.22369e-06	8.47255e-07
0.19	8.19342e-06	8.43236e-07
0.21	7.78753e-06	8.31331e-07
0.23	8.04149e-06	8.3818e-07
0.25	7.47054e-06	8.00082e-07
0.27	7.19034e-06	7.90512e-07
0.29	7.40234e-06	8.05807e-07
0.31	7.33414e-06	7.95147e-07
0.33	7.06013e-06	7.7927e-07
0.35	7.71349e-06	8.28306e-07
0.37	7.05532e-06	7.80568e-07
0.39	6.93282e-06	7.70633e-07
0.41	7.43128e-06	8.05151e-07
0.43	7.70731e-06	8.2444e-07
0.45	7.37662e-06	8.03565e-07
0.47	8.00401e-06	8.33726e-07
0.49	7.3876e-06	8.00838e-07
0.51	7.10248e-06	7.86188e-07
0.53	7.65235e-06	8.17353e-07
0.55	8.14481e-06	8.42238e-07
0.57	8.0107e-06	8.36443e-07
0.59	8.17525e-06	8.44935e-07
0.61	8.05445e-06	8.39068e-07
0.63	8.56582e-06	8.695e-07
0.65	8.85002e-06	8.77448e-07
0.67	8.58753e-06	8.58722e-07
0.69	9.68451e-06	9.21388e-07
0.71	9.79699e-06	9.22625e-07
0.73	9.48254e-06	9.05875e-07
0.75	9.65561e-06	9.09114e-07
0.77	9.83631e-06	9.2151e-07
0.79	1.09395e-05	9.70092e-07
0.81	1.2556e-05	1.03565e-06
0.83	1.26792e-05	1.03938e-06
0.85	1.42593e-05	1.1053e-06
0.87	1.43075e-05	1.11813e-06
0.89	1.60869e-05	1.18364e-06
0.91	1.63265e-05	1.19256e-06
0.93	1.72727e-05	1.22896e-06
0.95	1.8524e-05	1.29444e-06
0.97	1.88691e-05	1.3019e-06
0.99	1.91254e-05	1.30929e-06
1.01	1.95886e-05	1.32455e-06
1.03	1.98929e-05	1.34658e-06
1.05	1.98751e-05	1.34158e-06
1.07	2.01193e-05	1.33912e-06
1.09	1.91554e-05	1.30563e-06
1.11	1.85052e-05	1.28092e-06
1.13	1.85311e-05	1.27076e-06
1.15	1.82516e-05	1.25844e-06
1.17	1.69528e-05	1.20378e-06
1.19	1.59714e-05	1.16952e-06
1.21	1.48341e-05	1.11024e-06
1.23	1.45135e-05	1.104e-06
1.25	1.3184e-05	1.05586e-06
1.27	1.26884e-05	1.03593e-06
1.29	1.25254e-05	1.03057e-06
1.31	1.16084e-05	1.00203e-06
1.33	1.15107e-05	9.92088e-07
1.35	1.06038e-05	9.47521e-07
1.37	1.10132e-05	9.75668e-07
1.39	-nan	-nan
1.41	-nan	-nan
1.43	-nan	-nan
1.45	-nan	-nan
1.47	-nan	-nan
1.49	-nan	-nan
