# {InputWorkspace: MoTe2_S1_P0_warm_up_201_290K_target_284.548actual	 P1Bin: -2.07,1.92	 P2Bin: -0.1,0.1	 P3Bin: -1.49,0,1.49	 P4Bin: 	 P5Bin: 	 OutputWorkspace: MoTe2_S1_P0_warm_up_201_290K_target_284.548actual_cuts }
# [0,0,L] in 0.454 A^-1	 Signal	 Error
-1.49	-nan	-nan
-1.47	-nan	-nan
-1.45	-nan	-nan
-1.43	-nan	-nan
-1.41	-nan	-nan
-1.39	-nan	-nan
-1.37	-nan	-nan
-1.35	-nan	-nan
-1.33	-nan	-nan
-1.31	-nan	-nan
-1.29	-nan	-nan
-1.27	-nan	-nan
-1.25	-nan	-nan
-1.23	-nan	-nan
-1.21	-nan	-nan
-1.19	-nan	-nan
-1.17	1.52918e-05	1.16738e-06
-1.15	1.50516e-05	1.1589e-06
-1.13	1.64791e-05	1.21454e-06
-1.11	1.73644e-05	1.24626e-06
-1.09	1.80793e-05	1.27635e-06
-1.07	1.90236e-05	1.31013e-06
-1.05	1.91441e-05	1.31255e-06
-1.03	1.97984e-05	1.34177e-06
-1.01	1.957e-05	1.33426e-06
-0.99	2.06972e-05	1.37676e-06
-0.97	2.11879e-05	1.3932e-06
-0.95	2.1221e-05	1.39892e-06
-0.93	2.0935e-05	1.38955e-06
-0.91	2.16401e-05	1.40803e-06
-0.89	2.10295e-05	1.39501e-06
-0.87	2.13005e-05	1.39842e-06
-0.85	2.15608e-05	1.41147e-06
-0.83	2.05495e-05	1.37951e-06
-0.81	2.12108e-05	1.39992e-06
-0.79	2.03122e-05	1.37307e-06
-0.77	2.02399e-05	1.36656e-06
-0.75	1.82143e-05	1.29412e-06
-0.73	1.8527e-05	1.30998e-06
-0.71	1.68977e-05	1.2454e-06
-0.69	1.56481e-05	1.19061e-06
-0.67	1.55026e-05	1.18789e-06
-0.65	1.38907e-05	1.11717e-06
-0.63	1.36648e-05	1.10841e-06
-0.61	1.2458e-05	1.05883e-06
-0.59	1.25391e-05	1.05992e-06
-0.57	1.11192e-05	9.93283e-07
-0.55	1.12499e-05	1.00442e-06
-0.53	1.13906e-05	1.00758e-06
-0.51	1.1693e-05	1.02268e-06
-0.49	1.12392e-05	1.00263e-06
-0.47	1.10355e-05	9.9422e-07
-0.45	1.07917e-05	9.86391e-07
-0.43	1.01521e-05	9.49899e-07
-0.41	1.09031e-05	9.89837e-07
-0.39	9.8586e-06	9.38282e-07
-0.37	1.02884e-05	9.55558e-07
-0.35	1.0536e-05	9.69359e-07
-0.33	9.49248e-06	9.1895e-07
-0.31	9.29422e-06	9.09125e-07
-0.29	9.65707e-06	9.24712e-07
-0.27	1.0026e-05	9.48724e-07
-0.25	9.78607e-06	9.37763e-07
-0.23	8.84866e-06	8.86518e-07
-0.21	9.46368e-06	9.18483e-07
-0.19	9.14339e-06	9.09163e-07
-0.17	9.4663e-06	9.26902e-07
-0.15	8.39013e-06	8.6578e-07
-0.13	8.59617e-06	8.76263e-07
-0.11	9.32816e-06	9.14818e-07
-0.09	8.84386e-06	8.88062e-07
-0.0700001	8.77843e-06	8.89039e-07
-0.0500001	8.66594e-06	8.84393e-07
-0.0300001	9.31616e-06	9.1177e-07
-0.00999999	9.08076e-06	8.94895e-07
0.00999999	9.51457e-06	9.15907e-07
0.03	9.28345e-06	9.04742e-07
0.05	9.62657e-06	9.21895e-07
0.0699999	8.67722e-06	8.75448e-07
0.0899999	8.63063e-06	8.73549e-07
0.11	9.04251e-06	8.87338e-07
0.13	8.49835e-06	8.56188e-07
0.15	8.80747e-06	8.73092e-07
0.17	9.04735e-06	8.78522e-07
0.19	8.85112e-06	8.67335e-07
0.21	8.89658e-06	8.74924e-07
0.23	9.30693e-06	8.93911e-07
0.25	8.65582e-06	8.64942e-07
0.27	8.83635e-06	8.72856e-07
0.29	9.14646e-06	8.93243e-07
0.31	7.93479e-06	8.26599e-07
0.33	8.61592e-06	8.59589e-07
0.35	8.919e-06	8.7946e-07
0.37	8.51143e-06	8.54833e-07
0.39	8.38103e-06	8.55178e-07
0.41	8.66911e-06	8.6571e-07
0.43	8.85575e-06	8.84939e-07
0.45	9.12046e-06	8.91756e-07
0.47	9.50548e-06	9.08639e-07
0.49	8.92524e-06	8.86859e-07
0.51	9.50693e-06	9.14903e-07
0.53	9.43197e-06	9.16975e-07
0.55	9.8032e-06	9.36805e-07
0.57	9.41487e-06	9.17862e-07
0.59	9.61641e-06	9.23269e-07
0.61	9.675e-06	9.30143e-07
0.63	1.01879e-05	9.60059e-07
0.65	1.00007e-05	9.47996e-07
0.67	1.01009e-05	9.45793e-07
0.69	1.02275e-05	9.53212e-07
0.71	1.00196e-05	9.3814e-07
0.73	1.02053e-05	9.43734e-07
0.75	1.1226e-05	9.94877e-07
0.77	1.10924e-05	9.7849e-07
0.79	1.08382e-05	9.57507e-07
0.81	1.09772e-05	9.55721e-07
0.83	1.22158e-05	1.01466e-06
0.85	1.28251e-05	1.03541e-06
0.87	1.28641e-05	1.03054e-06
0.89	1.34357e-05	1.05011e-06
0.91	1.5318e-05	1.1441e-06
0.93	1.60679e-05	1.17364e-06
0.95	1.7288e-05	1.22739e-06
0.97	1.79762e-05	1.24717e-06
0.99	1.81247e-05	1.25282e-06
1.01	1.94099e-05	1.32754e-06
1.03	1.86928e-05	1.30654e-06
1.05	1.81983e-05	1.28754e-06
1.07	1.94522e-05	1.32172e-06
1.09	2.05189e-05	1.3768e-06
1.11	2.02536e-05	1.36508e-06
1.13	1.97849e-05	1.34288e-06
1.15	2.00154e-05	1.33911e-06
1.17	1.91597e-05	1.31522e-06
1.19	1.83515e-05	1.28503e-06
1.21	1.85043e-05	1.28615e-06
1.23	1.65791e-05	1.19584e-06
1.25	1.61374e-05	1.1804e-06
1.27	1.62204e-05	1.18646e-06
1.29	1.51457e-05	1.14088e-06
1.31	1.50961e-05	1.13397e-06
1.33	1.50204e-05	1.12452e-06
1.35	-nan	-nan
1.37	-nan	-nan
1.39	-nan	-nan
1.41	-nan	-nan
1.43	-nan	-nan
1.45	-nan	-nan
1.47	-nan	-nan
1.49	-nan	-nan
