# {InputWorkspace: MoTe2_S1_P0_warm_up_201_270K_target_264.4663actual	 P1Bin: -2.07,1.92	 P2Bin: -0.1,0.1	 P3Bin: -1.49,0,1.49	 P4Bin: 	 P5Bin: 	 OutputWorkspace: MoTe2_S1_P0_warm_up_201_270K_target_264.4663actual_cuts }
# [0,0,L] in 0.454 A^-1	 Signal	 Error
-1.49	-nan	-nan
-1.47	-nan	-nan
-1.45	-nan	-nan
-1.43	-nan	-nan
-1.41	-nan	-nan
-1.39	-nan	-nan
-1.37	-nan	-nan
-1.35	-nan	-nan
-1.33	-nan	-nan
-1.31	-nan	-nan
-1.29	-nan	-nan
-1.27	-nan	-nan
-1.25	-nan	-nan
-1.23	-nan	-nan
-1.21	-nan	-nan
-1.19	-nan	-nan
-1.17	1.3984e-05	1.11297e-06
-1.15	1.32731e-05	1.08145e-06
-1.13	1.50706e-05	1.15892e-06
-1.11	1.67379e-05	1.2288e-06
-1.09	1.71156e-05	1.24005e-06
-1.07	1.8529e-05	1.30134e-06
-1.05	1.93001e-05	1.32581e-06
-1.03	2.0761e-05	1.37989e-06
-1.01	2.20271e-05	1.42133e-06
-0.99	2.28799e-05	1.44915e-06
-0.97	2.31426e-05	1.46531e-06
-0.95	2.38473e-05	1.48575e-06
-0.93	2.44883e-05	1.50437e-06
-0.91	2.43914e-05	1.50576e-06
-0.89	2.34169e-05	1.47402e-06
-0.87	2.35748e-05	1.47596e-06
-0.85	2.27499e-05	1.44816e-06
-0.83	2.31788e-05	1.46784e-06
-0.81	2.36183e-05	1.48256e-06
-0.79	2.19637e-05	1.42791e-06
-0.77	2.02678e-05	1.37133e-06
-0.75	2.05577e-05	1.38036e-06
-0.73	1.79771e-05	1.28943e-06
-0.71	1.66507e-05	1.23579e-06
-0.69	1.53897e-05	1.18192e-06
-0.67	1.46225e-05	1.15075e-06
-0.65	1.32951e-05	1.09557e-06
-0.63	1.21822e-05	1.03653e-06
-0.61	1.16242e-05	1.01765e-06
-0.59	1.15995e-05	1.01664e-06
-0.57	1.07619e-05	9.77874e-07
-0.55	1.07649e-05	9.76055e-07
-0.53	1.01953e-05	9.45298e-07
-0.51	1.01533e-05	9.46261e-07
-0.49	1.03427e-05	9.51462e-07
-0.47	9.84463e-06	9.38315e-07
-0.45	1.02512e-05	9.51716e-07
-0.43	1.02432e-05	9.54387e-07
-0.41	9.58621e-06	9.22396e-07
-0.39	9.86135e-06	9.36613e-07
-0.37	9.61382e-06	9.28028e-07
-0.35	9.79314e-06	9.29592e-07
-0.33	9.63827e-06	9.28705e-07
-0.31	9.68854e-06	9.33243e-07
-0.29	9.59672e-06	9.31634e-07
-0.27	8.66814e-06	8.84633e-07
-0.25	9.12385e-06	9.02127e-07
-0.23	8.75348e-06	8.86415e-07
-0.21	8.44974e-06	8.67738e-07
-0.19	8.80236e-06	8.94541e-07
-0.17	9.6339e-06	9.34214e-07
-0.15	8.86699e-06	9.03049e-07
-0.13	9.77542e-06	9.39726e-07
-0.11	8.46981e-06	8.73269e-07
-0.09	8.83635e-06	8.94375e-07
-0.0700001	8.49641e-06	8.74692e-07
-0.0500001	9.3636e-06	9.18612e-07
-0.0300001	8.98712e-06	8.98128e-07
-0.00999999	9.46264e-06	9.19367e-07
0.00999999	1.01476e-05	9.55548e-07
0.03	9.34506e-06	9.10008e-07
0.05	9.63145e-06	9.20459e-07
0.0699999	8.97665e-06	8.90009e-07
0.0899999	8.75513e-06	8.77467e-07
0.11	9.62841e-06	9.07579e-07
0.13	9.27981e-06	8.96623e-07
0.15	9.47369e-06	9.02229e-07
0.17	9.05137e-06	8.75391e-07
0.19	8.99687e-06	8.78814e-07
0.21	8.95644e-06	8.77503e-07
0.23	8.43152e-06	8.44269e-07
0.25	7.86273e-06	8.20793e-07
0.27	8.36935e-06	8.43406e-07
0.29	8.56568e-06	8.56886e-07
0.31	8.30166e-06	8.46219e-07
0.33	7.84454e-06	8.19632e-07
0.35	8.29625e-06	8.49186e-07
0.37	8.60079e-06	8.62204e-07
0.39	8.02822e-06	8.35448e-07
0.41	8.20465e-06	8.47734e-07
0.43	8.2269e-06	8.45448e-07
0.45	9.13054e-06	8.92337e-07
0.47	9.00528e-06	8.88483e-07
0.49	8.97851e-06	8.8858e-07
0.51	8.88409e-06	8.79259e-07
0.53	9.28806e-06	9.1149e-07
0.55	8.99184e-06	8.9617e-07
0.57	8.70472e-06	8.73954e-07
0.59	9.50193e-06	9.16615e-07
0.61	8.68839e-06	8.75964e-07
0.63	8.79109e-06	8.77694e-07
0.65	8.98919e-06	8.94521e-07
0.67	9.73319e-06	9.25867e-07
0.69	9.56005e-06	9.20583e-07
0.71	9.59488e-06	9.13552e-07
0.73	9.5966e-06	9.15438e-07
0.75	9.5363e-06	9.17682e-07
0.77	1.03668e-05	9.4664e-07
0.79	1.11345e-05	9.7696e-07
0.81	1.15312e-05	9.82639e-07
0.83	1.27666e-05	1.039e-06
0.85	1.3593e-05	1.07234e-06
0.87	1.36548e-05	1.06383e-06
0.89	1.62805e-05	1.16452e-06
0.91	1.69303e-05	1.20016e-06
0.93	1.85758e-05	1.26411e-06
0.95	1.79574e-05	1.25282e-06
0.97	1.93641e-05	1.30464e-06
0.99	1.97497e-05	1.30814e-06
1.01	2.07919e-05	1.38356e-06
1.03	2.11388e-05	1.38904e-06
1.05	2.14372e-05	1.40077e-06
1.07	2.10914e-05	1.37678e-06
1.09	2.25623e-05	1.44817e-06
1.11	2.17151e-05	1.41473e-06
1.13	2.20003e-05	1.42547e-06
1.15	2.17161e-05	1.40245e-06
1.17	1.93437e-05	1.31784e-06
1.19	1.7724e-05	1.25925e-06
1.21	1.71529e-05	1.23567e-06
1.23	1.68018e-05	1.21333e-06
1.25	1.65666e-05	1.20207e-06
1.27	1.49682e-05	1.14552e-06
1.29	1.35631e-05	1.08144e-06
1.31	1.26172e-05	1.03641e-06
1.33	1.27959e-05	1.0427e-06
1.35	-nan	-nan
1.37	-nan	-nan
1.39	-nan	-nan
1.41	-nan	-nan
1.43	-nan	-nan
1.45	-nan	-nan
1.47	-nan	-nan
1.49	-nan	-nan
