# {InputWorkspace: MoTe2_S1_P0_warm_up_201_300K_target_298.348actual	 P1Bin: -2.07,1.92	 P2Bin: -0.1,0.1	 P3Bin: -1.49,0,1.49	 P4Bin: 	 P5Bin: 	 OutputWorkspace: MoTe2_S1_P0_warm_up_201_300K_target_298.348actual_cuts }
# [0,0,L] in 0.454 A^-1	 Signal	 Error
-1.49	-nan	-nan
-1.47	-nan	-nan
-1.45	-nan	-nan
-1.43	-nan	-nan
-1.41	-nan	-nan
-1.39	-nan	-nan
-1.37	-nan	-nan
-1.35	-nan	-nan
-1.33	-nan	-nan
-1.31	-nan	-nan
-1.29	-nan	-nan
-1.27	-nan	-nan
-1.25	-nan	-nan
-1.23	-nan	-nan
-1.21	-nan	-nan
-1.19	-nan	-nan
-1.17	1.79183e-05	1.26475e-06
-1.15	1.80485e-05	1.27079e-06
-1.13	1.89249e-05	1.30438e-06
-1.11	1.86322e-05	1.2902e-06
-1.09	1.99343e-05	1.3424e-06
-1.07	1.90822e-05	1.31112e-06
-1.05	1.89438e-05	1.31017e-06
-1.03	1.90416e-05	1.3131e-06
-1.01	1.99492e-05	1.34801e-06
-0.99	1.85799e-05	1.29514e-06
-0.97	1.84329e-05	1.30311e-06
-0.95	1.89566e-05	1.31546e-06
-0.93	1.7701e-05	1.26863e-06
-0.91	1.74564e-05	1.25943e-06
-0.89	1.79482e-05	1.27977e-06
-0.87	1.77025e-05	1.26613e-06
-0.85	1.80795e-05	1.29057e-06
-0.83	1.77242e-05	1.2714e-06
-0.81	1.76359e-05	1.27143e-06
-0.79	1.76362e-05	1.27263e-06
-0.77	1.60198e-05	1.20963e-06
-0.75	1.62911e-05	1.22361e-06
-0.73	1.66192e-05	1.23442e-06
-0.71	1.63874e-05	1.22692e-06
-0.69	1.63926e-05	1.22246e-06
-0.67	1.54179e-05	1.18907e-06
-0.65	1.52954e-05	1.1848e-06
-0.63	1.48683e-05	1.1633e-06
-0.61	1.50211e-05	1.17429e-06
-0.59	1.45775e-05	1.15479e-06
-0.57	1.37074e-05	1.11696e-06
-0.55	1.30637e-05	1.08971e-06
-0.53	1.25626e-05	1.06857e-06
-0.51	1.27073e-05	1.07025e-06
-0.49	1.25292e-05	1.06305e-06
-0.47	1.14079e-05	1.01994e-06
-0.45	1.17168e-05	1.02488e-06
-0.43	1.16009e-05	1.02532e-06
-0.41	1.17272e-05	1.02935e-06
-0.39	1.0791e-05	9.85945e-07
-0.37	1.10525e-05	9.97646e-07
-0.35	1.11864e-05	1.00192e-06
-0.33	9.91812e-06	9.4453e-07
-0.31	1.06036e-05	9.77162e-07
-0.29	9.55767e-06	9.23779e-07
-0.27	9.45139e-06	9.17359e-07
-0.25	8.69729e-06	8.80385e-07
-0.23	8.85615e-06	8.88034e-07
-0.21	9.12557e-06	8.97512e-07
-0.19	8.70549e-06	8.79982e-07
-0.17	9.18294e-06	9.0745e-07
-0.15	8.78295e-06	8.89352e-07
-0.13	8.79283e-06	8.91832e-07
-0.11	9.0187e-06	8.96146e-07
-0.09	8.84745e-06	8.88966e-07
-0.0700001	9.03774e-06	8.97845e-07
-0.0500001	9.24395e-06	9.13595e-07
-0.0300001	9.48907e-06	9.17683e-07
-0.00999999	8.48908e-06	8.66394e-07
0.00999999	9.08501e-06	8.95277e-07
0.03	9.20021e-06	9.02104e-07
0.05	9.32884e-06	9.09864e-07
0.0699999	8.26333e-06	8.52686e-07
0.0899999	8.34503e-06	8.57732e-07
0.11	8.68103e-06	8.68258e-07
0.13	8.84011e-06	8.742e-07
0.15	8.55949e-06	8.61776e-07
0.17	8.61376e-06	8.6602e-07
0.19	9.21419e-06	8.90626e-07
0.21	8.29575e-06	8.50671e-07
0.23	8.17488e-06	8.32874e-07
0.25	8.65953e-06	8.61338e-07
0.27	8.27441e-06	8.37881e-07
0.29	8.55776e-06	8.61711e-07
0.31	8.34704e-06	8.45905e-07
0.33	8.53378e-06	8.52112e-07
0.35	8.51141e-06	8.53837e-07
0.37	9.09572e-06	8.90154e-07
0.39	8.50588e-06	8.61792e-07
0.41	9.05628e-06	8.87101e-07
0.43	8.66304e-06	8.72104e-07
0.45	9.24624e-06	9.02049e-07
0.47	9.39489e-06	9.08327e-07
0.49	9.27018e-06	9.04738e-07
0.51	9.09983e-06	9.0093e-07
0.53	9.26081e-06	9.10974e-07
0.55	9.81783e-06	9.36701e-07
0.57	1.03311e-05	9.66444e-07
0.59	1.07149e-05	9.7803e-07
0.61	1.14203e-05	1.01227e-06
0.63	1.13288e-05	1.0098e-06
0.65	1.08938e-05	9.84887e-07
0.67	1.21382e-05	1.04396e-06
0.69	1.13137e-05	1.00274e-06
0.71	1.1618e-05	1.01332e-06
0.73	1.19574e-05	1.02425e-06
0.75	1.19193e-05	1.02119e-06
0.77	1.22521e-05	1.03276e-06
0.79	1.21836e-05	1.0252e-06
0.81	1.25173e-05	1.02394e-06
0.83	1.22162e-05	1.01871e-06
0.85	1.25332e-05	1.02951e-06
0.87	1.26054e-05	1.03182e-06
0.89	1.31843e-05	1.04472e-06
0.91	1.45641e-05	1.11812e-06
0.93	1.38036e-05	1.08198e-06
0.95	1.45675e-05	1.12427e-06
0.97	1.41967e-05	1.10575e-06
0.99	1.46588e-05	1.12391e-06
1.01	1.54606e-05	1.18075e-06
1.03	1.58571e-05	1.19666e-06
1.05	1.64761e-05	1.22053e-06
1.07	1.74675e-05	1.25352e-06
1.09	1.82323e-05	1.29266e-06
1.11	1.78549e-05	1.27634e-06
1.13	1.81625e-05	1.28554e-06
1.15	1.82261e-05	1.27131e-06
1.17	1.76346e-05	1.252e-06
1.19	1.73991e-05	1.24744e-06
1.21	1.8064e-05	1.25763e-06
1.23	1.81931e-05	1.24785e-06
1.25	1.80526e-05	1.2381e-06
1.27	1.75666e-05	1.22718e-06
1.29	1.81751e-05	1.24797e-06
1.31	1.71405e-05	1.19528e-06
1.33	1.77166e-05	1.21579e-06
1.35	-nan	-nan
1.37	-nan	-nan
1.39	-nan	-nan
1.41	-nan	-nan
1.43	-nan	-nan
1.45	-nan	-nan
1.47	-nan	-nan
1.49	-nan	-nan
