# scan = 494
# date = 5/3/2024
# time = 9:35:20 AM
# proposal = 32124
# experiment = Investigation of Spin Waves and Magnetic Interactions in NiTiO3
# experiment_number = 418
# command = scan bar 0 25 1
# builtin_command = scan bar 0 25 1
# users = Armando Di Biase, John Schneeloch, Despina Louca, Rathnayaka Mudiyanselage Dilan Srimal Rathnayaka
# local_contact = Tao Hong
# scan_title = slits
# monochromator = PG002
# analyzer = Pg002
# sense = -+-
# collimation = 48-40-40-120
# samplename = Single crystal
# sampletype = crystal
# samplemosaic = 30.000000
# latticeconstants = 5.013468,5.013468,13.803923,90.000000,90.000000,120.000000
# ubmatrix = -0.142188,-0.075445,0.056968,-0.181107,-0.093164,-0.044746,0.005474,-0.196661,-0.000657
# mode = 0
# plane_normal = 0.021815,0.013086,0.999676
# ubconf = UB03May2024_90656AM.ini
# preset_type = normal 
# preset_channel = time
# preset_value = 1.000000
# def_x = bar
# def_y = detector
# col_headers = 
#   Pt.        bar       time   detector    monitor        mcu focal_length         m1         m2       marc     mtrans     mfocus         s1         s2        sgl        sgu        bbb        bbl        bbr        bbt        bab        bal        bat        stl        stu         a1         a2     afocus        qm1        qm2        qm3        qm4        qm5        qm6        qm7        qm8        xm1        xm2        xm3        xm4        xm5        xm6        xm7        xm8          q          h          k          l         ei         ef          e        vti     sample       temp
      1     0.0000      1.000  12653.000   2522.000      1.146    98.4288   142.0306   -75.9387     0.4200    -1.0000    28.2560    64.7875    53.3074    -1.2500     0.7500     0.0000     0.0000     0.0000     0.0000    25.0000    25.0000    25.0000    -4.0000    -3.0000   142.0306   -75.9388     0.0000     0.0000     0.0000     0.0000     0.0000     0.0000     0.0000     0.0000     0.0000     0.0000     0.0000     0.0000     0.0000     0.0000     0.0000     0.0000     0.0000     1.3655    -0.0000    -0.0000    -3.0000     4.8000     4.8000     0.0000    33.0253    34.5131     1.000
      2     1.0000      1.000  22818.000   2530.000      1.150    98.4288   142.0306   -75.9387     0.4200    -1.0000    28.2560    64.7875    53.3074    -1.2500     0.7500     0.0000     0.0000     0.0000     0.0000    25.0000    25.0000    25.0000    -4.0000    -3.0000   142.0306   -75.9388     0.0000     0.0000     0.0000     0.0000     0.0000     0.0000     0.0000     0.0000     0.0000     0.0000     0.0000     0.0000     0.0000     0.0000     0.0000     0.0000     0.0000     1.3655    -0.0000    -0.0000    -3.0000     4.8000     4.8000     0.0000    32.7293    34.2119     1.000
      3     2.0000      1.000  33667.000   2536.000      1.153    98.4288   142.0306   -75.9387     0.4200    -1.0000    28.2560    64.7875    53.3074    -1.2500     0.7500     0.0000     0.0000     0.0000     0.0000    25.0000    25.0000    25.0000    -4.0000    -3.0000   142.0306   -75.9388     0.0000     0.0000     0.0000     0.0000     0.0000     0.0000     0.0000     0.0000     0.0000     0.0000     0.0000     0.0000     0.0000     0.0000     0.0000     0.0000     0.0000     1.3655    -0.0000    -0.0000    -3.0000     4.8000     4.8000     0.0000    32.4266    33.8927     1.000
      4     3.0000      1.000  43145.000   2637.000      1.199    98.4288   142.0306   -75.9387     0.4200    -1.0000    28.2560    64.7875    53.3074    -1.2500     0.7500     0.0000     0.0000     0.0000     0.0000    25.0000    25.0000    25.0000    -4.0000    -3.0000   142.0306   -75.9388     0.0000     0.0000     0.0000     0.0000     0.0000     0.0000     0.0000     0.0000     0.0000     0.0000     0.0000     0.0000     0.0000     0.0000     0.0000     0.0000     0.0000     1.3655    -0.0000    -0.0000    -3.0000     4.8000     4.8000     0.0000    32.1214    33.5796     1.000
      5     4.0000      1.000  49559.000   2578.000      1.172    98.4288   142.0306   -75.9387     0.4200    -1.0000    28.2560    64.7875    53.3074    -1.2500     0.7500     0.0000     0.0000     0.0000     0.0000    25.0000    25.0000    25.0000    -4.0000    -3.0000   142.0306   -75.9388     0.0000     0.0000     0.0000     0.0000     0.0000     0.0000     0.0000     0.0000     0.0000     0.0000     0.0000     0.0000     0.0000     0.0000     0.0000     0.0000     0.0000     1.3655    -0.0000    -0.0000    -3.0000     4.8000     4.8000     0.0000    31.8068    33.2558     1.000
      6     5.0000      1.000  52814.000   2468.000      1.122    98.4288   142.0306   -75.9387     0.4200    -1.0000    28.2560    64.7875    53.3074    -1.2500     0.7500     0.0000     0.0000     0.0000     0.0000    25.0000    25.0000    25.0000    -4.0000    -3.0000   142.0306   -75.9388     0.0000     0.0000     0.0000     0.0000     0.0000     0.0000     0.0000     0.0000     0.0000     0.0000     0.0000     0.0000     0.0000     0.0000     0.0000     0.0000     0.0000     1.3655    -0.0000    -0.0000    -3.0000     4.8000     4.8000     0.0000    31.4910    32.9305     1.000
      7     6.0000      1.000  53771.000   2531.000      1.150    98.4288   142.0306   -75.9387     0.4200    -1.0000    28.2560    64.7875    53.3074    -1.2500     0.7500     0.0000     0.0000     0.0000     0.0000    25.0000    25.0000    25.0000    -4.0000    -3.0000   142.0306   -75.9388     0.0000     0.0000     0.0000     0.0000     0.0000     0.0000     0.0000     0.0000     0.0000     0.0000     0.0000     0.0000     0.0000     0.0000     0.0000     0.0000     0.0000     1.3655    -0.0000    -0.0000    -3.0000     4.8000     4.8000     0.0000    31.1790    32.6118     1.000
      8     7.0000      1.000  53987.000   2639.000      1.200    98.4288   142.0306   -75.9387     0.4200    -1.0000    28.2560    64.7875    53.3074    -1.2500     0.7500     0.0000     0.0000     0.0000     0.0000    25.0000    25.0000    25.0000    -4.0000    -3.0000   142.0306   -75.9388     0.0000     0.0000     0.0000     0.0000     0.0000     0.0000     0.0000     0.0000     0.0000     0.0000     0.0000     0.0000     0.0000     0.0000     0.0000     0.0000     0.0000     1.3655    -0.0000    -0.0000    -3.0000     4.8000     4.8000     0.0000    30.9131    32.3396     1.000
      9     8.0000      1.000  53850.000   2594.000      1.179    98.4288   142.0306   -75.9387     0.4200    -1.0000    28.2560    64.7875    53.3074    -1.2500     0.7500     0.0000     0.0000     0.0000     0.0000    25.0000    25.0000    25.0000    -4.0000    -3.0000   142.0306   -75.9388     0.0000     0.0000     0.0000     0.0000     0.0000     0.0000     0.0000     0.0000     0.0000     0.0000     0.0000     0.0000     0.0000     0.0000     0.0000     0.0000     0.0000     1.3655    -0.0000    -0.0000    -3.0000     4.8000     4.8000     0.0000    30.6407    32.0600     1.000
     10     9.0000      1.000  53976.000   2607.000      1.185    98.4288   142.0306   -75.9387     0.4200    -1.0000    28.2560    64.7875    53.3074    -1.2500     0.7500     0.0000     0.0000     0.0000     0.0000    25.0000    25.0000    25.0000    -4.0000    -3.0000   142.0306   -75.9388     0.0000     0.0000     0.0000     0.0000     0.0000     0.0000     0.0000     0.0000     0.0000     0.0000     0.0000     0.0000     0.0000     0.0000     0.0000     0.0000     0.0000     1.3655    -0.0000    -0.0000    -3.0000     4.8000     4.8000     0.0000    30.3537    31.7657     1.000
     11    10.0000      1.000  53879.000   2426.000      1.103    98.4288   142.0306   -75.9387     0.4200    -1.0000    28.2560    64.7875    53.3074    -1.2500     0.7500     0.0000     0.0000     0.0000     0.0000    25.0000    25.0000    25.0000    -4.0000    -3.0000   142.0306   -75.9388     0.0000     0.0000     0.0000     0.0000     0.0000     0.0000     0.0000     0.0000     0.0000     0.0000     0.0000     0.0000     0.0000     0.0000     0.0000     0.0000     0.0000     1.3655    -0.0000    -0.0000    -3.0000     4.8000     4.8000     0.0000    30.0328    31.4264     1.000
     12    11.0000      1.000  54119.000   2617.000      1.190    98.4288   142.0306   -75.9387     0.4200    -1.0000    28.2560    64.7875    53.3074    -1.2500     0.7500     0.0000     0.0000     0.0000     0.0000    25.0000    25.0000    25.0000    -4.0000    -3.0000   142.0306   -75.9388     0.0000     0.0000     0.0000     0.0000     0.0000     0.0000     0.0000     0.0000     0.0000     0.0000     0.0000     0.0000     0.0000     0.0000     0.0000     0.0000     0.0000     1.3655    -0.0000    -0.0000    -3.0000     4.8000     4.8000     0.0000    29.6832    31.0622     1.000
     13    12.0000      1.000  54102.000   2645.000      1.202    98.4288   142.0306   -75.9387     0.4200    -1.0000    28.2560    64.7875    53.3074    -1.2500     0.7500     0.0000     0.0000     0.0000     0.0000    25.0000    25.0000    25.0000    -4.0000    -3.0000   142.0306   -75.9388     0.0000     0.0000     0.0000     0.0000     0.0000     0.0000     0.0000     0.0000     0.0000     0.0000     0.0000     0.0000     0.0000     0.0000     0.0000     0.0000     0.0000     1.3655    -0.0000    -0.0000    -3.0000     4.8000     4.8000     0.0000    29.2980    30.6762     1.000
     14    13.0000      1.000  53736.000   2566.000      1.166    98.4288   142.0306   -75.9387     0.4200    -1.0000    28.2560    64.7875    53.3074    -1.2500     0.7500     0.0000     0.0000     0.0000     0.0000    25.0000    25.0000    25.0000    -4.0000    -3.0000   142.0306   -75.9388     0.0000     0.0000     0.0000     0.0000     0.0000     0.0000     0.0000     0.0000     0.0000     0.0000     0.0000     0.0000     0.0000     0.0000     0.0000     0.0000     0.0000     1.3655    -0.0000    -0.0000    -3.0000     4.8000     4.8000     0.0000    28.9057    30.2749     1.000
     15    14.0000      1.000  54336.000   2521.000      1.146    98.4288   142.0306   -75.9387     0.4200    -1.0000    28.2560    64.7875    53.3074    -1.2500     0.7500     0.0000     0.0000     0.0000     0.0000    25.0000    25.0000    25.0000    -4.0000    -3.0000   142.0306   -75.9388     0.0000     0.0000     0.0000     0.0000     0.0000     0.0000     0.0000     0.0000     0.0000     0.0000     0.0000     0.0000     0.0000     0.0000     0.0000     0.0000     0.0000     1.3655    -0.0000    -0.0000    -3.0000     4.8000     4.8000     0.0000    28.5139    29.8673     1.000
     16    15.0000      1.000  53986.000   2554.000      1.161    98.4288   142.0306   -75.9387     0.4200    -1.0000    28.2560    64.7875    53.3074    -1.2500     0.7500     0.0000     0.0000     0.0000     0.0000    25.0000    25.0000    25.0000    -4.0000    -3.0000   142.0306   -75.9388     0.0000     0.0000     0.0000     0.0000     0.0000     0.0000     0.0000     0.0000     0.0000     0.0000     0.0000     0.0000     0.0000     0.0000     0.0000     0.0000     0.0000     1.3655    -0.0000    -0.0000    -3.0000     4.8000     4.8000     0.0000    28.1150    29.4603     1.000
     17    16.0000      1.000  53846.000   2535.000      1.152    98.4288   142.0306   -75.9387     0.4200    -1.0000    28.2560    64.7875    53.3074    -1.2500     0.7500     0.0000     0.0000     0.0000     0.0000    25.0000    25.0000    25.0000    -4.0000    -3.0000   142.0306   -75.9388     0.0000     0.0000     0.0000     0.0000     0.0000     0.0000     0.0000     0.0000     0.0000     0.0000     0.0000     0.0000     0.0000     0.0000     0.0000     0.0000     0.0000     1.3655    -0.0000    -0.0000    -3.0000     4.8000     4.8000     0.0000    27.7156    29.0441     1.000
     18    17.0000      1.000  54164.000   2604.000      1.184    98.4288   142.0306   -75.9387     0.4200    -1.0000    28.2560    64.7875    53.3074    -1.2500     0.7500     0.0000     0.0000     0.0000     0.0000    25.0000    25.0000    25.0000    -4.0000    -3.0000   142.0306   -75.9388     0.0000     0.0000     0.0000     0.0000     0.0000     0.0000     0.0000     0.0000     0.0000     0.0000     0.0000     0.0000     0.0000     0.0000     0.0000     0.0000     0.0000     1.3655    -0.0000    -0.0000    -3.0000     4.8000     4.8000     0.0000    27.3033    28.6192     1.000
     19    18.0000      1.000  54000.000   2533.000      1.151    98.4288   142.0306   -75.9387     0.4200    -1.0000    28.2560    64.7875    53.3074    -1.2500     0.7500     0.0000     0.0000     0.0000     0.0000    25.0000    25.0000    25.0000    -4.0000    -3.0000   142.0306   -75.9388     0.0000     0.0000     0.0000     0.0000     0.0000     0.0000     0.0000     0.0000     0.0000     0.0000     0.0000     0.0000     0.0000     0.0000     0.0000     0.0000     0.0000     1.3655    -0.0000    -0.0000    -3.0000     4.8000     4.8000     0.0000    26.9039    28.2075     1.000
     20    19.0000      1.000  53682.000   2576.000      1.171    98.4288   142.0306   -75.9387     0.4200    -1.0000    28.2560    64.7875    53.3074    -1.2500     0.7500     0.0000     0.0000     0.0000     0.0000    25.0000    25.0000    25.0000    -4.0000    -3.0000   142.0306   -75.9388     0.0000     0.0000     0.0000     0.0000     0.0000     0.0000     0.0000     0.0000     0.0000     0.0000     0.0000     0.0000     0.0000     0.0000     0.0000     0.0000     0.0000     1.3655    -0.0000    -0.0000    -3.0000     4.8000     4.8000     0.0000    26.5441    27.8404     1.000
     21    20.0000      1.000  53732.000   2518.000      1.145    98.4288   142.0306   -75.9387     0.4200    -1.0000    28.2560    64.7875    53.3074    -1.2500     0.7500     0.0000     0.0000     0.0000     0.0000    25.0000    25.0000    25.0000    -4.0000    -3.0000   142.0306   -75.9388     0.0000     0.0000     0.0000     0.0000     0.0000     0.0000     0.0000     0.0000     0.0000     0.0000     0.0000     0.0000     0.0000     0.0000     0.0000     0.0000     0.0000     1.3655    -0.0000    -0.0000    -3.0000     4.8000     4.8000     0.0000    26.1680    27.4573     1.000
     22    21.0000      1.000  53694.000   2554.000      1.161    98.4288   142.0306   -75.9387     0.4200    -1.0000    28.2560    64.7875    53.3074    -1.2500     0.7500     0.0000     0.0000     0.0000     0.0000    25.0000    25.0000    25.0000    -4.0000    -3.0000   142.0306   -75.9388     0.0000     0.0000     0.0000     0.0000     0.0000     0.0000     0.0000     0.0000     0.0000     0.0000     0.0000     0.0000     0.0000     0.0000     0.0000     0.0000     0.0000     1.3655    -0.0000    -0.0000    -3.0000     4.8000     4.8000     0.0000    25.7620    27.0449     1.000
     23    22.0000      1.000  53819.000   2570.000      1.168    98.4288   142.0306   -75.9387     0.4200    -1.0000    28.2560    64.7875    53.3074    -1.2500     0.7500     0.0000     0.0000     0.0000     0.0000    25.0000    25.0000    25.0000    -4.0000    -3.0000   142.0306   -75.9388     0.0000     0.0000     0.0000     0.0000     0.0000     0.0000     0.0000     0.0000     0.0000     0.0000     0.0000     0.0000     0.0000     0.0000     0.0000     0.0000     0.0000     1.3655    -0.0000    -0.0000    -3.0000     4.8000     4.8000     0.0000    25.3173    26.5911     1.000
     24    23.0000      1.000  53394.000   2557.000      1.162    98.4288   142.0306   -75.9387     0.4200    -1.0000    28.2560    64.7875    53.3074    -1.2500     0.7500     0.0000     0.0000     0.0000     0.0000    25.0000    25.0000    25.0000    -4.0000    -3.0000   142.0306   -75.9388     0.0000     0.0000     0.0000     0.0000     0.0000     0.0000     0.0000     0.0000     0.0000     0.0000     0.0000     0.0000     0.0000     0.0000     0.0000     0.0000     0.0000     1.3655    -0.0000    -0.0000    -3.0000     4.8000     4.8000     0.0000    24.8054    26.0584     1.000
     25    24.0000      1.000  54178.000   2642.000      1.201    98.4288   142.0306   -75.9387     0.4200    -1.0000    28.2560    64.7875    53.3074    -1.2500     0.7500     0.0000     0.0000     0.0000     0.0000    25.0000    25.0000    25.0000    -4.0000    -3.0000   142.0306   -75.9388     0.0000     0.0000     0.0000     0.0000     0.0000     0.0000     0.0000     0.0000     0.0000     0.0000     0.0000     0.0000     0.0000     0.0000     0.0000     0.0000     0.0000     1.3655    -0.0000    -0.0000    -3.0000     4.8000     4.8000     0.0000    24.2627    25.4977     1.000
     26    25.0000      1.000  53652.000   2633.000      1.197    98.4288   142.0306   -75.9387     0.4200    -1.0000    28.2560    64.7875    53.3074    -1.2500     0.7500     0.0000     0.0000     0.0000     0.0000    25.0000    25.0000    25.0000    -4.0000    -3.0000   142.0306   -75.9388     0.0000     0.0000     0.0000     0.0000     0.0000     0.0000     0.0000     0.0000     0.0000     0.0000     0.0000     0.0000     0.0000     0.0000     0.0000     0.0000     0.0000     1.3655    -0.0000    -0.0000    -3.0000     4.8000     4.8000     0.0000    23.6778    24.9167     1.000
# Sum of Counts = 1292559
# Center of Mass = 13.447390+/-0.017826
# Full Width Half-Maximum = 14.012131+/-0.012475
# 9:37:44 AM  5/3/2024   scan completed.
