        5.05000   490212.76595745    28886.06425273
        5.15000   432340.42553191    27127.45097959
        5.25000   520851.06382979    29775.07350559
        5.35000   490212.76595745    28886.06425273
        5.45000   522553.19148936    29823.68590287
        5.55000   520851.06382979    29775.07350559
        5.65000   527659.57446809    29969.04997729
        5.75000   510638.29787234    29481.71587351
        5.85000   605957.44680851    32115.68044955
        5.95000   481702.12765957    28634.21930427
        6.05000   461276.59574468    28020.55767345
        6.15000   531063.82978723    30065.56890665
        6.25000   554893.61702128    30732.71503875
        6.35000   500425.53191489    29185.40970125
        6.45000   435744.68085106    27234.04255319
        6.55000   471489.36170213    28329.05017378
        6.65000   480000.00000000    28583.58404042
        6.75000   500425.53191489    29185.40970125
        6.85000   480000.00000000    28583.58404042
        6.95000   544680.85106383    30448.58522553
        7.05000   449361.70212766    27656.30095195
        7.15000   485106.38297872    28735.22215512
        7.25000   497021.27659574    29085.97019683
        7.35000   442553.19148936    27445.98382400
        7.45000   505531.91489362    29333.93691849
        7.55000   480000.00000000    28583.58404042
        7.65000   482407.79991522    20223.58701463
        7.75000   487494.70114455    20329.93439302
        7.85000   477320.89868588    20116.67743570
        7.95000   474777.44807122    20063.00901433
        8.05000   476473.08181433    20098.80388492
        8.15000   471283.78378378    28215.02210894
        8.25000   508445.94594595    29306.33711638
        8.35000   478040.54054054    28416.56054267
        8.45000   451013.51351351    27601.57878103
        8.55000   527027.02702703    29837.02995381
        8.65000   484797.29729730    28616.67963868
        8.75000   423986.48648649    26761.78972594
        8.85000   484797.29729730    28616.67963868
        8.95000   444256.75675676    27394.04516930
        9.05000   478040.54054054    28416.56054267
        9.15000   478040.54054054    28416.56054267
        9.25000   464527.02702703    28012.03370233
        9.35000   493243.24324324    28864.87751796
        9.45000   459459.45945946    27858.82179471
        9.55000   474662.16216216    28315.97063216
        9.65000   479729.72972973    28466.72220668
        9.75000   452702.70270270    27653.21882389
        9.85000   472972.97297297    28265.54143696
        9.95000   461148.64864865    27909.98588152
       10.05000   467905.40540541    28113.71110995
       10.15000   472972.97297297    28265.54143696
       10.25000   467110.74104913    19721.43094476
       10.35000   452955.87010824    19420.32271389
       10.45000   466278.10158201    19703.84607194
       10.55000   502081.59866778    20446.34331026
       10.65000   456286.42797669    19491.59019271
       10.75000   476190.47619048    27962.86759594
       10.85000   448275.86206897    27130.88939550
       10.95000   448275.86206897    27130.88939550
       11.05000   458128.07881773    27427.41065434
       11.15000   474548.44006568    27914.61412151
       11.25000   474548.44006568    27914.61412151
       11.35000   426929.39244663    26477.03694023
       11.45000   412151.06732348    26014.74469254
       11.55000   489326.76518883    28345.93842633
       11.65000   489326.76518883    28345.93842633
       11.75000   440065.68144499    26881.28989121
       11.85000   428571.42857143    26527.90545386
       11.95000   477832.51231527    28011.03794619
       12.05000   435139.57307061    26730.41148785
       12.15000   481116.58456486    28107.13098296
       12.25000   443349.75369458    26981.40677365
       12.35000   433497.53694581    26679.92907926
       12.45000   490968.80131363    28393.45889292
       12.55000   474548.44006568    27914.61412151
       12.65000   476190.47619048    27962.86759594
       12.75000   425287.35632184    26426.07050810
       12.85000   428571.42857143    26527.90545386
       12.95000   449917.89819376    27180.53424835
       13.05000   476309.22693267    19898.10341411
       13.15000   448046.55029094    19298.73111595
       13.25000   469659.18536991    19758.71043060
       13.35000   442760.94276094    27301.80932698
       13.45000   457912.45791246    27765.02104793
       13.55000   506734.00673401    29207.66258064
       13.65000   412457.91245791    26350.96943182
       13.75000   474747.47474747    28270.80071338
       13.85000   414141.41414141    26404.69215717
       13.95000   457912.45791246    27765.02104793
       14.05000   461279.46127946    27866.91137584
       14.15000   461279.46127946    27866.91137584
       14.25000   469696.96969697    28120.02203450
       14.35000   476430.97643098    28320.88188764
       14.45000   444444.44444444    27353.66466207
       14.55000   393939.39393939    25752.62380602
       14.65000   462962.96296296    27917.71709053
       14.75000   420875.42087542    26618.49882297
       14.85000   439393.93939394    27197.80205623
       14.95000   456228.95622896    27713.93540935
       15.05000   481481.48148148    28470.59684392
       15.15000   516835.01683502    29497.33243760
       15.25000   402356.90235690    26026.30443391
       15.35000   390572.39057239    25642.33368978
       15.45000   439393.93939394    27197.80205623
       15.55000   464646.46464646    27968.43051488
       15.65000   489898.98989899    28718.38738928
       15.75000   445374.63373797    19309.43925437
       15.85000   431142.73754709    18998.41895004
       15.95000   450397.65592298    19418.02177437
       16.05000   434491.41900377    19072.05650882
       16.15000   474604.49625312    28113.14407350
       16.25000   406328.05995004    26012.48851260
       16.35000   436303.08076603    26954.89434844
       16.45000   462947.54371357    27765.74854377
       16.55000   401332.22314738    25852.08109286
       16.65000   424646.12822648    26592.37206107
       16.75000   383014.15487094    25255.20547561
       16.85000   396336.38634471    25690.67214079
       16.95000   451290.59117402    27413.95109601
       17.05000   406328.05995004    26012.48851260
       17.15000   417985.01248959    26382.98004622
       17.25000   449625.31223980    27363.32510434
       17.35000   442964.19650291    27159.87748593
       17.45000   511240.63280599    29178.04407649
       17.55000   461282.26477935    27715.76515752
       17.65000   492922.56452956    28650.54210505
       17.75000   516236.46960866    29320.26121842
       17.85000   519567.02747710    29414.69064555
       17.95000   572855.95337219    30886.32304911
       18.05000   611157.36885928    31902.15497197
       18.15000   671107.41049126    33430.24129873
       18.25000   869275.60366361    38047.15956302
       18.35000  1079100.74937552    42391.08097038
       18.45000  1501983.25253416    36385.66318299
       18.55000  1804319.08329661    39879.93310133
       18.65000  1865138.82767739    40546.49625386
       18.75000  1393565.44733363    35047.85430070
       18.85000  1056179.77528090    44473.19133722
       18.95000   642322.09737828    34682.13329111
       19.05000   475655.43071161    29845.27612455
       19.15000   456928.83895131    29251.87144534
       19.25000   419475.65543071    28027.39615561
       19.35000   451310.86142322    29071.48819524
       19.45000   473782.77153558    29786.46764155
       19.55000   455056.17977528    29191.86754330
       19.65000   406367.04119850    27585.99225217
       19.75000   470037.45318352    29668.50096958
       19.85000   477528.08988764    29903.96895631
       19.95000   468164.79400749    29609.34138734
       20.05000   513108.61423221    30998.02501357
       20.15000   558052.43445693    32327.10955362
       20.25000   653558.05243446    34984.16047241
       20.35000   932584.26966292    41790.10038281
       20.45000  1132958.80149813    46061.32537921
       20.55000  1632958.80149813    55298.96277241
       20.65000  1833333.33333333    58593.58744255
       20.75000  1627340.82397004    55203.75645312
       20.85000  1357677.90262172    50422.89145257
       20.95000   945692.88389513    42082.78100046
       21.05000   558052.43445693    32327.10955362
       21.15000   513888.88888889    21813.36849887
       21.25000   454629.62962963    20517.14796867
       21.35000   472222.22222222    20910.35146414
       21.45000   474074.07407407    20951.31203516
       21.55000   364468.86446886    25836.51278327
       21.65000   435897.43589744    28255.03410356
       21.75000   397435.89743590    26979.70670816
       21.85000   437728.93772894    28314.33119733
       21.95000   432234.43223443    28136.06501051
       22.05000   437728.93772894    28314.33119733
       22.15000   459706.95970696    29016.44600321
       22.25000   430402.93040293    28076.39142263
       22.35000   421245.42124542    27776.10052766
       22.45000   459706.95970696    29016.44600321
       22.55000   437728.93772894    28314.33119733
       22.65000   450549.45054945    28725.98377538
       22.75000   445054.94505494    28550.28803685
       22.85000   457875.45787546    28958.58663158
       22.95000   481684.98168498    29701.96838869
       23.05000   474358.97435897    29475.23248980
       23.15000   492673.99267399    30038.86349241
       23.25000   589743.58974359    32865.12535701
       23.35000   703296.70329670    35889.95960122
       23.45000   723443.22344322    36400.37896401
       23.55000   793040.29304029    38111.08433459
       23.65000   661172.16117216    34798.53479853
       23.75000   582417.58241758    32660.35622734
       23.85000   467307.69230769    21197.50738947
       23.95000   461538.46153846    21066.25221174
       24.05000   423076.92307692    20169.40092635
       24.15000   425000.00000000    20215.18850157
       24.25000   412955.46558704    28912.66570260
       24.35000   346153.84615385    26471.04621583
       24.45000   417004.04858300    29054.04877410
       24.55000   427125.50607287    29404.53248246
       24.65000   451417.00404858    30229.11846775
       24.75000   350202.42914980    26625.39764770
       24.85000   423076.92307692    29264.84270203
       24.95000   414979.75708502    28983.44344793
       25.05000   447368.42105263    30093.25657352
       25.15000   388663.96761134    28049.40579059
       25.25000   414979.75708502    28983.44344793
       25.35000   457489.87854251    30431.77404529
       25.45000   429149.79757085    29474.12910640
       25.55000   433198.38056680    29612.83165653
       25.65000   441295.54655870    29888.30578995
       25.75000   419028.34008097    29124.48293510
       25.85000   334008.09716599    26002.49509851
       25.95000   384615.38461538    27902.93269654
       26.05000   414979.75708502    28983.44344793
       26.15000   388663.96761134    28049.40579059
       26.25000   408906.88259109    28770.58786144
       26.35000   425101.21457490    29334.77074127
       26.45000   459514.17004049    30499.02666664
       26.55000   441327.72323516    20313.75500926
       26.65000   402057.03599813    19388.91197132
       26.75000   431977.55960729    20097.41492305
       26.85000   457223.00140252    20676.33883824
       26.95000   439617.72371851    27638.52948842
       27.05000   417028.67072111    26919.08494323
       27.15000   410078.19287576    26693.81667374
       27.25000   375325.80364900    25537.68628445
       27.35000   417028.67072111    26919.08494323
       27.45000   394439.61772372    26179.87693018
       27.55000   403127.71503041    26466.63112377
       27.65000   397914.85664639    26294.95386694
       27.75000   417028.67072111    26919.08494323
       27.85000   423979.14856646    27142.48366953
       27.95000   373588.18418766    25478.50269090
       28.05000   458731.53779322    28232.97447310
       28.15000   427454.38748914    27253.49633598
       28.25000   436142.48479583    27529.06953563
       28.35000   450043.44048653    27964.33873055
       28.45000   425716.76802780    27198.04664205
       28.55000   404865.33449175    26523.60994348
       28.65000   399652.47610773    26352.30388897
       28.75000   380538.66203301    25714.41978618
       28.85000   443092.96264118    27747.55764148
       28.95000   411815.81233710    26750.31158704
       29.05000   429192.00695048    27308.83344136
       29.15000   375325.80364900    25537.68628445
       29.25000   401215.80547112    18666.24859766
       29.35000   408163.26530612    18827.16751079
       29.45000   396005.21059488    18544.64307778
       29.55000   439426.83456361    19534.90556527
       29.65000   401041.66666667    26386.60443328
       29.75000   361111.11111111    25038.55052406
       29.85000   428819.44444444    27285.12785677
       29.95000   414930.55555556    26839.62644747
       30.05000   369791.66666667    25337.70749883
       30.15000   392361.11111111    26099.47287912
       30.25000   456597.22222222    28154.99086845
       30.35000   442708.33333333    27723.47121992
       30.45000   414930.55555556    26839.62644747
       30.55000   418402.77777778    26951.69218101
       30.65000   376736.11111111    25574.51365044
       30.75000   407986.11111111    26614.07936937
       30.85000   418402.77777778    26951.69218101
       30.95000   387152.77777778    25925.66757477
       31.05000   414930.55555556    26839.62644747
       31.15000   395833.33333333    26214.70290025
       31.25000   369791.66666667    25337.70749883
       31.35000   463541.66666667    28368.28930272
       31.45000   432291.66666667    27395.37124663
       31.55000   454861.11111111    28101.41329208
       31.65000   437500.00000000    27559.90949026
       31.75000   425347.22222222    27174.43722656
       31.85000   378472.22222222    25633.37336846
       31.95000   450132.39187996    19932.19733563
       32.05000   421888.79082083    19296.74413864
       32.15000   430714.91615181    19497.54813272
       32.25000   394527.80229479    18660.52472362
       32.35000   430879.71274686    27813.16586145
       32.45000   441651.70556553    28158.68427533
       32.55000   414721.72351885    27286.68609259
       32.65000   472172.35188510    29115.39450669
       32.75000   398563.73429084    26749.84636580
       32.85000   382405.74506284    26202.00990902
       32.95000   393177.73788151    26568.48938411
       33.05000   362657.09156194    25516.46392020
       33.15000   425493.71633752    27638.78692700
       33.25000   459605.02692998    28725.31418312
       33.35000   409335.72710952    27108.92077296
       33.45000   432675.04488330    27871.04972399
       33.55000   380610.41292639    26140.43048216
       33.65000   396768.40215440    26689.53096467
       33.75000   405745.06283662    26989.76010480
       33.85000   394973.07001795    26629.07894828
       33.95000   441651.70556553    28158.68427533
       34.05000   416517.05565530    27345.68440167
       34.15000   438061.04129264    28043.98447363
       34.25000   448833.03411131    28386.69353832
       34.35000   400359.06642729    26810.02607373
       34.45000   402154.39856373    26870.07100017
       34.55000   522441.65170557    30626.07200939
       34.65000   574561.40350877    22449.97174047
       34.75000   880701.75438596    27794.70090834
       34.85000  1126315.78947368    31432.40853889
       34.95000  1151754.38596491    31785.38759999
       35.05000  1101200.68610635    43460.92438875
       35.15000   780445.96912521    36587.87136827
       35.25000   586620.92624357    31720.82677343
       35.35000   466552.31560892    28288.88936959
       35.45000   432246.99828473    27229.00148608
       35.55000   452830.18867925    27869.77154249
       35.65000   411663.80789022    26572.78453659
       35.75000   432246.99828473    27229.00148608
       35.85000   394511.14922813    26013.29483380
       35.95000   394511.14922813    26013.29483380
       36.05000   418524.87135506    26793.30935131
       36.15000   440823.32761578    27497.80367390
       36.25000   365351.62950257    25033.48116523
       36.35000   370497.42710120    25209.15687255
       36.45000   408233.27615780    26461.83296834
       36.55000   430531.73241852    27174.92198586
       36.65000   387650.08576329    25786.10013443
       36.75000   394511.14922813    26013.29483380
       36.85000   384219.55403087    25671.74879433
       36.95000   367066.89536878    25092.17639507
       37.05000   367066.89536878    25092.17639507
       37.15000   401372.21269297    26238.52236840
       37.25000   373927.95883362    25325.59701584
       37.35000   363952.98215063    17801.52224664
       37.45000   445798.86808881    19701.71266693
       37.55000   434479.75620374    19449.98511423
       37.65000   501523.72659991    20896.82194166
       37.75000   534040.67197171    30730.58743940
       37.85000   650751.54730327    33922.76939567
       37.95000   769230.76923077    36881.79242195
       38.05000   763925.72944297    36754.39379457
       38.15000  1030946.06542882    42697.42340460
       38.25000  1524314.76569408    51918.36695280
       38.35000  1883289.12466844    57708.82006041
       38.45000  1985853.22723254    59259.40258220
       38.55000  1488947.83377542    51312.53095861
       38.65000   832891.24668435    38377.60285448
       38.75000   503978.77984085    29853.12646531
       38.85000   410256.41025641    26934.65289430
       38.95000   445623.34217507    28071.63194763
       39.05000   404951.37046861    26759.93978854
       39.15000   412024.75685234    26992.63929704
       39.25000   413793.10344828    27050.50139837
       39.35000   394341.29089301    26407.04601780
       39.45000   463306.80813439    28623.19019671
       39.55000   534040.67197171    30730.58743940
       39.65000   703801.94518126    35278.40379003
       39.75000  1434129.08930150    50359.08352219
       39.85000  3331564.98673740    76755.20570897
       39.95000  8460494.42559380    90565.59728789
       40.05000 12678623.36403296   110866.78002132
       40.15000 13112942.31701406   112749.71667714
       40.25000  8869607.36791081    92729.42813571
       40.35000  3908870.57682986    61558.92531803
       40.45000   997854.07725322    46274.37479152
       40.55000   515021.45922747    33244.49224212
       40.65000   476394.84978541    31973.52881063
       40.75000   472103.00429185    31829.17805620
       40.85000   592274.67811159    35650.74619278
       40.95000   937768.24034335    44859.53854156
       41.05000  1452789.69957082    55835.24391098
       41.15000  1862660.94420601    63222.83202857
       41.25000  1650214.59227468    59508.26018825
       41.35000  1137339.05579399    49402.85164473
       41.45000   643776.82403433    37168.47226543
       41.55000   457081.54506438    31318.71141486
       41.65000   459227.46781116    31392.14342989
       41.75000   429184.54935622    30347.93052303
       41.85000   341201.71673820    27059.05625090
       41.95000   409871.24463519    29657.24240576
       42.05000   442060.08583691    30799.78561032
       42.15000   392703.86266094    29029.50484650
       42.25000   403433.47639485    29423.41030215
       42.35000   435622.31759657    30574.69280853
       42.45000   459227.46781116    31392.14342989
       42.55000   551502.14592275    34401.75867357
       42.65000   545064.37768240    34200.38079508
       42.75000   487567.04046806    21804.66092150
       42.85000   488542.17454900    21826.45469098
       42.95000   440760.60458313    20731.63493464
       43.05000   334226.98838248    24441.09800032
       43.15000   350312.77926720    25022.34137623
       43.25000   405719.39231457    26928.54186474
       43.35000   394995.53172475    26570.27479413
       43.45000   416443.25290438    27282.10459781
       43.55000   366398.57015192    25590.38617208
       43.65000   389633.60142985    26389.31735520
       43.75000   378909.74084004    26023.62784372
       43.85000   412868.63270777    27164.76166858
       43.95000   386058.98123324    26267.98651778
       44.05000   398570.15192136    26690.23149789
       44.15000   378909.74084004    26023.62784372
       44.25000   398570.15192136    26690.23149789
       44.35000   437890.97408400    27975.82813673
       44.45000   348525.46916890    24958.42724534
       44.55000   409294.01251117    27046.90965223
       44.65000   361036.63985702    25402.44933611
       44.75000   373547.81054513    25838.84234996
       44.85000   387846.29133155    26328.72182780
       44.95000   368185.88025022    25652.72581664
       45.05000   407506.70241287    26987.79065334
       45.15000   423592.49329759    27515.28921955
       45.25000   353887.39946381    25149.68235830
       45.35000   350312.77926720    25022.34137623
       45.45000   367291.00045683    18318.81010120
       45.55000   374600.27409776    18500.18888197
       45.65000   424851.53037917    19702.01795601
       45.75000   381909.54773869    18679.80657858
       45.85000   413084.11214953    27787.04438751
       45.95000   409345.79439252    27661.02539617
       46.05000   383177.57009346    26762.28236126
       46.15000   407476.63551402    27597.80011259
       46.25000   413084.11214953    27787.04438751
       46.35000   358878.50467290    25899.82515991
       46.45000   383177.57009346    26762.28236126
       46.55000   409345.79439252    27661.02539617
       46.65000   371962.61682243    26367.73080311
       46.75000   405607.47663551    27534.42964982
       46.85000   364485.98130841    26101.38325938
       46.95000   386915.88785047    26892.51321484
       47.05000   368224.29906542    26234.89504228
       47.15000   392523.36448598    27086.68550690
       47.25000   373831.77570093    26433.89836211
       47.35000   400000.00000000    27343.43708099
       47.45000   340186.91588785    25216.33189389
       47.55000   418691.58878505    27975.00849924
       47.65000   396261.68224299    27215.36407208
       47.75000   323364.48598131    24584.94661302
       47.85000   377570.09345794    26565.73907206
       47.95000   366355.14018692    26168.22429907
       48.05000   366355.14018692    26168.22429907
       48.15000   409214.09214092    19226.55524281
       48.25000   441734.41734417    19975.92085591
       48.35000   445347.78681120    20057.45556565
       48.45000   555555.55555556    22402.16218182
       48.55000   725524.47552448    35614.59578228
       48.65000   769230.76923077    36671.63804791
       48.75000   687062.93706294    34657.74056224
       48.85000   545454.54545455    30880.28274940
       48.95000   480769.23076923    28991.47544017
       49.05000   367132.86713287    25334.57473110
       49.15000   339160.83916084    24350.32915592
       49.25000   356643.35664336    24970.02947043
       49.35000   358391.60839161    25031.15570503
       49.45000   435314.68531469    27586.94726933
       49.55000   430069.93006993    27420.25724014
       49.65000   580419.58041958    31854.66286414
       49.75000   828671.32867133    38062.13471517
       49.85000  1585664.33566434    52651.12009222
       49.95000  2085664.33566434    60384.32181528
       50.05000  1868881.11888112    57160.07945550
       50.15000  1215034.96503496    46088.90323938
       50.25000   687062.93706294    34657.74056224
       50.35000   459790.20979021    28351.87891648
       50.45000   402097.90209790    26513.55050368
       50.55000   435314.68531469    27586.94726933
       50.65000   361888.11188811    25152.96253486
       50.75000   330419.58041958    24034.48791061
       50.85000   373052.24564620    18491.51329224
       50.95000   383134.73877177    18739.73263085
       51.05000   373968.83593034    18514.21620231
       51.15000   381301.55820348    18694.84697926
       51.25000   398843.93063584    27721.56949892
       51.35000   375722.54335260    26906.05018067
       51.45000   362235.06743738    26418.70751600
       51.55000   346820.80924855    25850.49684971
       51.65000   394990.36608863    27587.32382134
       51.75000   431599.22928709    28837.43650693
       51.85000   354527.93834297    26136.14637042
       51.95000   400770.71290944    27788.44913652
       52.05000   385356.45472062    27248.81623070
       52.15000   381502.89017341    27112.22982557
       52.25000   385356.45472062    27248.81623070
       52.35000   396917.14836224    27654.52812025
       52.45000   362235.06743738    26418.70751600
       52.55000   497109.82658960    30948.70598113
       52.65000   539499.03660886    32241.23416316
       52.75000   712909.44123314    37062.39703598
       52.85000  1175337.18689788    47588.01169645
       52.95000  2223506.74373796    65453.90270313
       53.05000  3516377.64932563    82312.17481038
       53.15000  3416184.97109827    81131.03380126
       53.25000  2473988.43930636    69042.28465190
       53.35000  1323699.42196532    50502.28293673
       53.45000   599229.28709056    33979.17550780
       53.55000   449406.17577197    20663.71797713
       53.65000   368646.08076010    18715.16921957
       53.75000   384798.09976247    19120.77130404
       53.85000   365795.72446556    18642.67636138
       53.95000   318650.42174321    24439.37171585
       54.05000   371134.02061856    26375.34635327
       54.15000   388003.74882849    26968.12477964
       54.25000   391752.57731959    27098.09239888
       54.35000   365510.77788191    26174.77046630
       54.45000   382380.50609185    26771.99036005
       54.55000   348641.04967198    25563.60205621
       54.65000   354264.29240862    25768.93549179
       54.75000   369259.60637301    26308.65763377
       54.85000   389878.16307404    27033.18669514
       54.95000   446110.59044049    28917.05458396
       55.05000   588566.07310216    33214.70505468
       55.15000   929709.46579194    41745.18735018
       55.25000  1422680.41237113    51640.02741877
       55.35000  1731958.76288660    56977.26018208
       55.45000  1454545.45454545    52215.13880856
       55.55000   843486.41049672    39762.33071340
       55.65000   534208.05998126    31643.75448198
       55.75000   408622.30552952    27675.39467710
       55.85000   414245.54826617    27865.17103527
       55.95000   348641.04967198    25563.60205621
       56.05000   406747.89128397    27611.84604059
       56.15000   380506.09184630    26706.29212516
       56.25000   402540.30288227    19831.73730355
       56.35000   429897.41084514    20494.55492272
       56.45000   496336.10161212    22021.35353119
       56.55000   503175.37860283    22172.55636133
       56.65000   530612.24489796    32907.17448285
       56.75000   502040.81632653    32008.95334971
       56.85000   440816.32653061    29993.75195245
       56.95000   375510.20408163    27682.97952296
       57.05000   355102.04081633    26920.21624137
       57.15000   406122.44897959    28789.25710136
       57.25000   381632.65306122    27907.74353301
       57.35000   393877.55102041    28351.92650908
       57.45000   353061.22448980    26842.74783258
       57.55000   316326.53061224    25407.95836324
       57.65000   332653.06122449    26055.39864246
       57.75000   381632.65306122    27907.74353301
       57.85000   420408.16326531    29291.22468246
       57.95000   357142.85714286    26997.46235780
       58.05000   359183.67346939    27074.48808453
       58.15000   371428.57142857    27532.11747598
       58.25000   397959.18367347    28498.44906892
       58.35000   361224.48979592    27151.29529725
       58.45000   363265.30612245    27227.88584516
       58.55000   369387.75510204    27456.37560627
       58.65000   416326.53061224    29148.68746344
       58.75000   446938.77551020    30201.32364683
       58.85000   377551.02040816    27758.10307905
       58.95000   380952.38095238    19241.00084861
       59.05000   388726.91933916    19436.34596696
       59.15000   444120.50534500    20775.08097807
       59.25000   505344.99514091    22160.84402525
       59.35000   565862.70871985    32401.20444633
       59.45000   580705.00927644    32823.38777914
       59.55000   497217.06864564    30372.36650045
       59.65000   408163.26530612    27518.36173319
       59.75000   397031.53988868    27140.51732528
       59.85000   408163.26530612    27518.36173319
       59.95000   352504.63821892    25573.37430815
       60.05000   430426.71614100    28258.89835200
       60.15000   358070.50092764    25774.47864462
       60.25000   371057.51391466    26237.72842993
       60.35000   387755.10204082    26821.58125195
       60.45000   378478.66419295    26498.80678495
       60.55000   382189.23933210    26628.38607497
       60.65000   317254.17439703    24261.03308093
       60.75000   400742.11502783    27267.04722950
       60.85000   371057.51391466    26237.72842993
       60.95000   372912.80148423    26303.24096244
       61.05000   350649.35064935    25505.98717044
       61.15000   410018.55287570    27580.83255532
       61.25000   443413.72912801    28682.04978430
       61.35000   565862.70871985    32401.20444633
       61.45000   725417.43970315    36685.93679645
       61.55000   716141.00185529    36450.61726232
       61.65000   674774.77477477    24655.73366379
       61.75000   592792.79279279    23109.46907816
       61.85000   496396.39639640    21147.19746722
       61.95000   489189.18918919    20993.11747339
       62.05000   474605.95446585    28830.25855193
       62.15000   418563.92294221    27074.64944613
       62.25000   367775.83187391    25378.94351347
       62.35000   406304.72854641    26675.21227973
       62.45000   497373.02977233    29513.65945071
       62.55000   709281.96147110    35244.50402364
       62.65000   807355.51663748    37602.29519016
       62.75000   928196.14711033    40318.26421444
       62.85000  1201401.05078809    45869.70526693
       62.95000  1676007.00525394    54177.61225309
       63.05000  2684763.57267951    68570.12942365
       63.15000  3574430.82311734    79119.83886568
       63.25000  3362521.89141856    76738.71208479
       63.35000  2094570.92819615    60566.08219191
       63.45000  1068301.22591944    43254.25231253
       63.55000   619964.97373030    32950.76658884
       63.65000   409807.35551664    26789.94490504
       63.75000   380035.02626970    25798.45860360
       63.85000   366024.51838879    25318.44534991
       63.95000   355516.63747811    24952.37626756
       64.05000   373029.77232925    25559.57884295
       64.15000   383537.65323993    25917.07283178
       64.25000   344173.44173442    17632.53956273
       64.35000   383920.50587173    18622.87997117
       64.45000   344173.44173442    17632.53956273
       64.55000   331526.64859982    17305.55019031
       64.65000   357723.57723577    17976.28612659
       64.75000   430970.14925373    28355.75401786
       64.85000   554104.47761194    32152.40287241
       64.95000   722014.92537313    36702.08129274
       65.05000   776119.40298507    38052.38442980
       65.15000   619402.98507463    33994.15514606
       65.25000   481343.28358209    29967.12388845
       65.35000   419776.11940299    27985.07462687
       65.45000   352611.94029851    25648.74456132
       65.55000   348880.59701493    25512.67599100
       65.65000   358208.95522388    25851.50459058
       65.75000   330223.88059701    24821.14682024
       65.85000   345149.25373134    25375.87781480
       65.95000   347014.92537313    25444.36883766
       66.05000   423507.46268657    28109.17756216
       66.15000   371268.65671642    26318.53727550
       66.25000   447761.19402985    28902.86079259
       66.35000   720149.25373134    36654.63191117
       66.45000  1083955.22388060    44970.04027311
       66.55000  1352611.94029851    50234.74633521
       66.65000  1436567.16417910    51770.28703549
       66.75000   942164.17910448    41925.75569822
       66.85000   697761.19402985    36080.37239891
       66.95000   419672.13114754    19827.64448573
       67.05000   391569.08665105    19152.27007050
       67.15000   348477.75175644    18067.72976298
       67.25000   353161.59250585    18188.74739011
       67.35000   359360.30103481    26002.39879790
       67.45000   331138.28786453    24960.48760380
       67.55000   348071.49576670    25590.72532217
       67.65000   368767.63875823    26340.54562559
       67.75000   342427.09313264    25382.38487908
       67.85000   385700.84666040    26938.51564116
       67.95000   316086.54750706    24386.60657915
       68.05000   396989.65192850    27329.89472499
       68.15000   366886.17121355    26273.26442854
       68.25000   406396.98965193    27651.81271251
       68.35000   421448.73000941    28159.22774618
       68.45000   398871.11947319    27394.58095684
       68.55000   404515.52210724    27587.72963051
       68.65000   410159.92474130    27779.53539084
       68.75000   387582.31420508    27004.13940622
       68.85000   361241.76857949    26070.37904149
       68.95000   316086.54750706    24386.60657915
       69.05000   385700.84666040    26938.51564116
       69.15000   380056.44402634    26740.67808759
       69.25000   380056.44402634    26740.67808759
       69.35000   374412.04139229    26541.36590718
       69.45000   393226.71683913    27200.06076162
       69.55000   355597.36594544    25865.90232336
       69.65000   355792.53514300    18572.21915722
       69.75000   350945.22539990    18445.27153702
       69.85000   375181.77411537    19071.56138915
       69.95000   344158.99175957    18266.06270617
       70.05000   412000.00000000    28705.40018881
       70.15000   398000.00000000    28213.47195933
       70.25000   354000.00000000    26608.26939130
       70.35000   412000.00000000    28705.40018881
       70.45000   554000.00000000    33286.63395419
       70.55000   600000.00000000    34641.01615138
       70.65000   926000.00000000    43034.86958270
       70.75000  1382000.00000000    52573.75771238
       70.85000  2170000.00000000    65878.67636800
       70.95000  3170000.00000000    79624.11694958
       71.05000  3468000.00000000    83282.65125463
       71.15000  2732000.00000000    73918.87445031
       71.25000  1690000.00000000    58137.76741499
       71.35000   964000.00000000    43908.99680020
       71.45000   630000.00000000    35496.47869860
       71.55000   410000.00000000    28635.64212655
       71.65000   370000.00000000    27202.94101747
       71.75000   360000.00000000    26832.81573000
       71.85000   366000.00000000    27055.49851694
       71.95000   308000.00000000    24819.34729198
       72.05000   364000.00000000    26981.47512646
       72.15000   402000.00000000    28354.89375752
       72.25000   362000.00000000    26907.24809415
       72.35000   318491.35673127    18266.73208398
       72.45000   342587.74227344    18945.14543743
       72.55000   388685.17548455    20179.52884679
       72.65000   336301.72865375    18770.53207666
       72.75000   387238.72387239    29189.21707684
       72.85000   341034.10341034    27392.51836741
       72.95000   349834.98349835    27743.71884030
       73.05000   358635.86358636    28090.52878945
       73.15000   347634.76347635    27656.33683163
       73.25000   413641.36413641    30167.89703147
       73.35000   424642.46424642    30566.43342013
       73.45000   422442.24422442    30487.14292750
       73.55000   462046.20462046    31884.21726334
       73.65000   558855.88558856    35065.73696482
       73.75000   732673.26732673    40150.24772474
       73.85000  1139713.97139714    50076.15699336
       73.95000  1658965.89658966    60415.97455554
       74.05000  1784378.43784378    62658.00161011
       74.15000  1590759.07590759    59160.96659955
       74.25000  1100110.01100110    49198.41534653
       74.35000   809680.96809681    42207.53815897
       74.45000   589658.96589659    36019.15411165
       74.55000   552255.22552255    34858.04074313
       74.65000   453245.32453245    31579.09811751
       74.75000   433443.34433443    30881.55962072
       74.85000   336633.66336634    27215.21865094
       74.95000   376237.62376238    28771.61018839
       75.05000   360836.08360836    28176.56430113
       75.15000   337598.42519685    18228.60155261
       75.25000   383858.26771654    19437.41895485
       75.35000   368110.23622047    19034.52717108
       75.45000   398931.43365984    26654.72759946
       75.55000   350845.94835263    24996.73882034
       75.65000   372217.27515583    25746.80729261
       75.75000   354407.83615316    25123.30539566
       75.85000   445235.97506679    28159.19554914
       75.95000   450578.80676759    28327.64687549
       76.05000   414959.92876224    27184.92880227
       76.15000   555654.49688335    31457.74128701
       76.25000   616206.58949243    33127.47148306
       76.35000   810329.47462155    37988.83171452
       76.45000  1362422.08370436    49258.47439337
       76.55000  2044523.59750668    60342.20604131
       76.65000  2281389.13624221    63741.87059011
       76.75000  2235084.59483526    63091.68150995
       76.85000  1659839.71504898    54369.85760454
       76.95000   979519.14514693    41766.83668587
       77.05000   667853.96260018    34487.83033132
       77.15000   473731.07747106    29046.31599341
       77.25000   502226.17987533    29907.13379118
       77.35000   682101.51380232    34853.75919997
       77.45000   991985.75244880    42031.78529370
       77.55000  1682991.98575245    54747.73338892
       77.65000  2559216.38468388    67511.63462520
       77.75000  3439124.48700410    56004.07521329
       77.85000  3038759.68992248    52643.39148075
       77.95000  2303693.57045144    45836.13998405
       78.05000  1568627.45098039    37822.96644474
       78.15000  1099863.20109439    31671.23639614
       78.25000   966355.14018692    42500.25047066
       78.35000   910280.37383178    41248.74110414
       78.45000   831775.70093458    39429.94973781
       78.55000   728971.96261682    36912.93020211
       78.65000   596261.68224299    33384.24504578
       78.75000   495327.10280374    30427.70204878
       78.85000   433644.85981308    28470.17983501
       78.95000   377570.09345794    26565.73907206
       79.05000   394392.52336449    27151.10102118
       79.15000   463551.40186916    29435.54345425
       79.25000   461682.24299065    29376.13765514
       79.35000   607476.63551402    33696.74089219
       79.45000   740186.91588785    37195.79204137
       79.55000   796261.68224299    38579.00456178
       79.65000   738317.75700935    37148.79797075
       79.75000   639252.33644860    34566.80749328
       79.85000   469158.87850467    29613.04582758
       79.95000   358878.50467290    25899.82515991
       80.05000   379439.25233645    26631.41467061
       80.15000   317757.00934579    24370.85011291
       80.25000   398130.84112150    27279.47573706
       80.35000   366355.14018692    26168.22429907
       80.45000   347145.48802947    17878.90224581
       80.55000   347145.48802947    17878.90224581
       80.65000   366482.50460405    18370.10805088
       80.75000   330570.90239411    17446.86493692
       80.85000   321234.11978221    24145.43501933
       80.95000   375680.58076225    26111.60539009
       81.05000   372050.81669691    25985.15619469
       81.15000   373865.69872958    26048.45752161
       81.25000   348457.35027223    25147.74312260
       81.35000   344827.58620690    25016.42241759
       81.45000   373865.69872958    26048.45752161
       81.55000   401088.92921960    26980.16106591
       81.65000   375680.58076225    26111.60539009
       81.75000   323049.00181488    24213.54639587
       81.85000   339382.94010889    24818.13853208
       81.95000   361161.52450091    25602.06166909
       82.05000   341197.82214156    24884.40871289
       82.15000   344827.58620690    25016.42241759
       82.25000   395644.28312160    26796.41208754
       82.35000   411978.22141561    27343.95494250
       82.45000   488203.26678766    29766.27852424
       82.55000   499092.55898367    30096.41370558
       82.65000   642468.23956443    34146.80167373
       82.75000   762250.45372051    37194.01366954
       82.85000   840290.38112523    39051.60579192
       82.95000   847549.90925590    39219.93245912
       83.05000   742286.75136116    36703.71763368
       83.15000   615245.00907441    33415.52203180
       83.25000   535236.39607493    21850.93436916
       83.35000   422836.75289920    19421.53528731
       83.45000   427297.05619982    19523.70082805
       83.55000   422807.01754386    27235.39420396
       83.65000   480701.75438596    29040.25501271
       83.75000   480701.75438596    29040.25501271
       83.85000   498245.61403509    29565.43780062
       83.95000   470175.43859649    28720.53604166
       84.05000   456140.35087719    28288.62367824
       84.15000   468421.05263158    28666.90287433
       84.25000   391228.07017544    26198.56933872
       84.35000   400000.00000000    26490.64714130
       84.45000   349122.80701754    24748.65961345
       84.55000   342105.26315789    24498.66674345
       84.65000   321052.63157895    23732.89343591
       84.75000   347368.42105263    24686.39873591
       84.85000   322807.01754386    23797.64906360
       84.95000   333333.33333333    24182.54167033
       85.05000   382456.14035088    25903.19835129
       85.15000   364912.28070175    25302.11421378
       85.25000   354385.96491228    24934.50947992
       85.35000   335087.71929825    24246.09642296
       85.45000   377192.98245614    25724.34789231
       85.55000   368421.05263158    25423.46797577
       85.65000   326315.78947368    23926.63455612
       85.75000   307017.54385965    23208.34483390
       85.85000   335087.71929825    24246.09642296
       85.95000   372306.28152224    18477.25050858
       86.05000   364053.18661165    18271.30568104
       86.15000   336542.87024301    17567.39482867
       86.25000   378725.35534159    18635.85642632
       86.35000   416906.82036503    28301.47908291
       86.45000   380403.45821326    27034.09659841
       86.55000   393852.06532181    27507.82144722
       86.65000   386167.14697406    27238.13041068
       86.75000   461095.10086455    29763.56077777
       86.85000   560999.03938521    32829.98557279
       86.95000   626320.84534102    34688.70333385
       87.05000   762728.14601345    38280.22832886
       87.15000   972142.17098943    43216.99089031
       87.25000  1068203.65033622    45301.92554295
       87.35000  1289145.05283381    49766.89278382
       87.45000  1150816.52257445    47021.08837856
       87.55000  1058597.50240154    45097.76981481
       87.65000   747358.30931796    37892.57045786
       87.75000   585975.02401537    33552.83227007
       87.85000   532180.59558117    31975.63300114
       87.95000   357348.70317003    26202.07818825
       88.05000   336215.17771374    25415.47849246
       88.15000   370797.31027858    26690.57442738
       88.25000   315081.65225744    24603.74346756
       88.35000   393852.06532181    27507.82144722
       88.45000   382324.68780019    27102.27853922
       88.55000   395532.80595626    19186.15926300
       88.65000   382503.48999535    18867.50575404
       88.75000   438343.41554211    20197.79843109
       88.85000   439274.08096789    20219.22846198
       88.95000   516519.31130758    21925.02371222
       89.05000   521660.64981949    30685.92057762
       89.15000   472924.18772563    29217.35389213
       89.25000   516245.48736462    30526.23560521
       89.35000   444043.32129964    28311.16812520
       89.45000   397111.91335740    26773.27973681
       89.55000   355595.66787004    25335.14232422
       89.65000   395306.85920578    26712.36207030
       89.75000   361010.83032491    25527.32062045
       89.85000   416967.50902527    27434.44793063
       89.95000   474729.24187726    29273.05909788
       90.05000   481949.45848375    29494.82786709
       90.15000   599277.97833935    32889.65191027
       90.25000   640794.22382671    34009.82613974
       90.35000   548736.46209386    31472.19453820
       90.45000   507220.21660650    30258.22132534
       90.55000   490974.72924188    29769.71570843
       90.65000   418772.56317690    27493.76572514
       90.75000   413357.40072202    27315.42590329
       90.85000   415162.45487365    27375.00160307
       90.95000   346570.39711191    25011.56400821
       91.05000   361010.83032491    25527.32062045
       91.15000   335740.07220217    24617.65649275
       91.25000   378842.67631103    18507.67585032
       91.35000   385171.79023508    18661.63421388
       91.45000   390596.74502712    18792.59465717
       91.55000   349909.58408680    17786.90377297
       91.65000   358695.65217391    25491.38999904
       91.75000   389492.75362319    26563.18532358
       91.85000   434782.60869565    28065.09671165
       91.95000   480072.46376812    29490.61702192
       92.05000   498188.40579710    30041.89121699
       92.15000   541666.66666667    31325.39214817
       92.25000   617753.62318841    33453.23426199
       92.35000   697463.76811594    35546.04505498
       92.45000   851449.27536232    39274.42642877
       92.55000   804347.82608696    38172.65852483
       92.65000   797101.44927536    38000.32058588
       92.75000   704710.14492754    35730.22268717
       92.85000   653985.50724638    34420.28985507
       92.95000   543478.26086957    31377.73202118
       93.05000   528985.50724638    30956.53530912
       93.15000   565217.39130435    31999.13357365
       93.25000   585144.92753623    32558.33470219
       93.35000   724637.68115942    36231.88405797
       93.45000   740942.02898551    36637.22539159
       93.55000   817028.98550725    38472.39235796
       93.65000   684782.60869565    35221.41683917
       93.75000   652173.91304348    34372.58326270
       93.85000   548913.04347826    31534.23040857
       93.95000   466784.76527901    20333.46374358
       94.05000   441984.05668733    19785.92374109
       94.15000   432240.92116918    19566.62713408
       94.25000   461470.32772365    20217.38212668
       94.35000   438474.87001733    27566.67889183
       94.45000   412478.33622184    26736.99934236
       94.55000   485268.63084922    29000.34754018
       94.65000   398613.51819757    26283.79703311
       94.75000   471403.81282496    28583.05459700
       94.85000   507798.96013865    29665.93200801
       94.95000   525129.98266898    30167.92926435
       95.05000   746967.07105719    35980.13776781
       95.15000   901213.17157712    39520.81196184
       95.25000  1199306.75909879    45590.80221132
       95.35000  1518197.57365685    51295.14241577
       95.45000  1571923.74350087    52194.87121794
       95.55000  1613518.19757366    52880.92305855
       95.65000  1305025.99653380    47557.79110576
       95.75000  1100519.93067591    43672.80127679
       95.85000   866551.12651646    38753.34449740
       95.95000   639514.73136915    33291.80712703
       96.05000   566724.43674177    31339.93296365
       96.15000   386481.80242634    25880.73574189
       96.25000   363951.47313692    25115.03768837
       96.35000   357019.06412478    24874.69687072
       96.45000   367417.67764298    25234.34970288
       96.55000   388214.90467938    25938.69938838
       96.65000   346643.26458973    17441.51550184
       96.75000   359806.93286529    17769.59783354
       96.85000   358051.77709522    17726.20436746
       96.95000   355419.04344011    17660.91425845
       97.05000   380444.44444444    26006.64682369
       97.15000   316444.44444444    23718.51389178
       97.25000   353777.77777778    25078.64174163
       97.35000   328888.88888889    24180.39201553
       97.45000   321777.77777778    23917.55386146
       97.55000   353777.77777778    25078.64174163
       97.65000   368000.00000000    25577.76812433
       97.75000   341333.33333333    24633.61148542
       97.85000   304000.00000000    23247.46103222
       97.95000   327111.11111111    24114.95105111
       98.05000   357333.33333333    25204.35000668
       98.15000   321777.77777778    23917.55386146
       98.25000   346666.66666667    24825.31563337
       98.35000   346666.66666667    24825.31563337
       98.45000   327111.11111111    24114.95105111
       98.55000   346666.66666667    24825.31563337
       98.65000   446222.22222222    28165.29692045
       98.75000   359111.11111111    25266.96960631
       98.85000   396444.44444444    26547.88359657
       98.95000   400000.00000000    26666.66666667
       99.05000   488888.88888889    29481.10924760
       99.15000   513777.77777778    30222.22222222
       99.25000   645333.33333333    33871.21579246
       99.35000   756141.94722475    26230.27353121
       99.45000   955414.01273885    29484.71655327
       99.55000  1229299.36305732    33444.90618651
       99.65000  1358507.73430391    35158.65165853
       99.75000  1539608.57409133    53569.83360000
       99.85000  1386766.07642125    50841.31107916
       99.95000  1343895.61975769    50049.28828368
      100.05000  1196644.92078285    47227.80786326
      100.15000   937558.24790308    41803.65608948
      100.25000   749301.02516309    37371.73840776
      100.35000   613233.92357875    33808.68060991
      100.45000   503261.88257223    30627.54282415
      100.55000   512581.54706431    30909.83029222
      100.65000   628145.38676608    34217.25955393
      100.75000   674743.70922647    35463.74201387
      100.85000   628145.38676608    34217.25955393
      100.95000   609506.05778192    33705.76201309
      101.05000   590866.72879776    33186.38176098
      101.15000   564771.66821994    32445.28459558
      101.25000   497670.08387698    30456.91451700
      101.35000   424976.70083877    28144.76956299
      101.45000   400745.57315937    27330.62124625
      101.55000   382106.24417521    26687.45771347
      101.65000   385834.10997204    26817.32445468
      101.75000   357875.11649581    25827.41185564
      101.85000   329916.12301957    24798.01434418
      101.95000   410065.23765144    27646.59268256
      102.05000   371689.49771689    18423.96438523
      102.15000   385388.12785388    18760.40053349
      102.25000   380821.91780822    18648.92954946
      102.35000   405479.45205479    19243.20320156
      102.45000   388540.73410922    26375.86367530
      102.55000   433303.49149508    27853.80337709
      102.65000   452999.10474485    28479.80970562
      102.75000   562220.23276634    31727.92327067
      102.85000   671441.36078782    34673.08277715
      102.95000   723366.15935542    35988.81153490
      103.05000   911369.74037601    40395.75352794
      103.15000  1176365.26410027    45894.38001066
      103.25000  1228290.06266786    46896.33251104
      103.35000  1208594.44941808    46518.82204751
      103.45000  1102954.34198747    44439.29685225
      103.55000  1031333.93017010    42972.24709042
      103.65000   873769.02417189    39553.66523612
      103.75000   732318.71083259    36210.82975140
      103.85000   596239.92837959    32673.74680554
      103.95000   472694.71799463    29092.34880801
      104.05000   395702.77529096    26617.84914471
      104.15000   345568.48701880    24874.56399185
      104.25000   377797.67233662    26008.66436228
      104.35000   336615.93554163    24550.24028792
      104.45000   372426.14145031    25823.10671774
      104.55000   377797.67233662    26008.66436228
      104.65000   397493.28558639    26678.00255282
      104.75000   421649.93452641    19185.73633857
      104.85000   467917.93976430    20210.97669627
      104.95000   511567.00130947    21132.63803913
      105.05000   610213.88040157    23080.40867115
      105.15000   623509.36967632    32591.35684789
      105.25000   638841.56729131    32989.63667979
      105.35000   669505.96252129    33772.10835025
      105.45000   681431.00511073    34071.55025554
      105.55000   632027.25724020    32813.22024576
      105.65000   655877.34241908    33426.60454915
      105.75000   775127.76831346    36338.55026866
      105.85000   827938.67120954    37556.06079225
      105.95000   899488.92674617    39145.23098152
      106.05000   988074.95741056    41027.57948481
      106.15000  1119250.42589438    43666.11794881
      106.25000  1105621.80579216    43399.45213921
      106.35000  1063032.36797274    42555.35262963
      106.45000   914821.12436116    39477.44540462
      106.55000   807495.74105622    37089.50776333
      106.65000   783645.65587734    36537.66710311
      106.75000   660988.07495741    33556.58535535
      106.85000   505962.52129472    29358.92323614
      106.95000   459965.92844974    27992.63496619
      107.05000   407155.02555366    26336.66922273
      107.15000   419080.06814310    26719.56923570
      107.25000   354344.12265758    24569.34429618
      107.35000   381601.36286201    25496.81353849
      107.45000   363718.00628648    18073.29303772
      107.55000   396946.56488550    18880.82266873
      107.65000   372698.69779973    18295.05953073
      107.75000   410417.60215537    19198.52566361
      107.85000   425451.09211776    28426.64681310
      107.95000   433048.43304843    28679.33308745
      108.05000   381766.38176638    26927.72436611
      108.15000   457739.79107312    29485.61195871
      108.25000   507122.50712251    31035.39342520
      108.35000   539411.20607787    32008.16627987
      108.45000   522317.18898386    31496.91158932
      108.55000   598290.59829060    33709.85631396
      108.65000   495726.49572650    30684.69975575
      108.75000   537511.87084520    31951.76418093
      108.85000   537511.87084520    31951.76418093
      108.95000   520417.85375119    31439.59232146
      109.05000   537511.87084520    31951.76418093
      109.15000   588793.92212726    33441.24760049
      109.25000   647673.31433998    35073.47637724
      109.35000   795821.46248813    38878.42258397
      109.45000   930674.26400760    42043.57762807
      109.55000  1080721.74738841    45306.21250475
      109.65000  1333333.33333333    50323.42373976
      109.75000  1620132.95346629    55472.29578921
      109.85000  2117758.78442545    63421.87220157
      109.95000  2098765.43209877    63136.82863664
      110.05000  2425451.09211776    67873.00431227
      110.15000  2370656.37065637    47835.95248403
      110.25000  2309845.55984556    47218.43555458
      110.35000  1916988.41698842    43015.98446942
      110.45000  1580115.83011583    39053.91568368
      110.55000  1340529.93130520    51293.95228802
      110.65000  1040235.52502453    45184.94380067
      110.75000   802747.79195290    39693.32368235
      110.85000   639842.98331698    35437.62529003
      110.95000   488714.42590775    30971.01832789
      111.05000   410206.08439647    28374.54817429
      111.15000   382728.16486752    27407.73315754
      111.25000   392541.70755643    27756.89033117
      111.35000   427870.46123651    28979.04427916
      111.45000   467124.63199215    30279.19258202
      111.55000   474975.46614328    30532.57936429
      111.65000   445534.83807655    29571.18581613
      111.75000   506378.80274779    31525.76723103
      111.85000   508341.51128557    31586.80459162
      111.95000   474975.46614328    30532.57936429
      112.05000   571148.18449460    33481.29952744
      112.15000   520117.76251227    31950.58016899
      112.25000   500490.67713445    31341.94194832
      112.35000   455348.38076546    29895.08579338
      112.45000   418056.91854760    28644.78806541
      112.55000   394504.41609421    27826.19603289
      112.65000   315996.07458292    24903.97947095
      112.75000   319921.49165849    25058.18515172
      112.85000   376329.17244568    18653.94452319
      112.95000   333795.65418400    17568.19232547
      113.05000   369856.68053629    18492.83402681
      113.15000   386500.23116043    18904.34424435
      113.25000   388111.88811189    26048.36438068
      113.35000   388111.88811189    26048.36438068
      113.45000   391608.39160839    26165.43627115
      113.55000   407342.65734266    26685.90475957
      113.65000   417832.16783217    27027.31614290
      113.75000   515734.26573427    30027.20985545
      113.85000   500000.00000000    29565.61979945
      113.95000   545454.54545455    30880.28274940
      114.05000   587412.58741259    32045.98388081
      114.15000   569930.06993007    31565.50714208
      114.25000   575174.82517483    31710.41459304
      114.35000   578671.32867133    31806.65279486
      114.45000   545454.54545455    30880.28274940
      114.55000   547202.79720280    30929.73079188
      114.65000   548951.04895105    30979.09990676
      114.75000   517482.51748252    30078.06037427
      114.85000   554195.80419580    31126.73743840
      114.95000   690559.44055944    34745.81628383
      115.05000   638111.88811189    33400.30275270
      115.15000   788461.53846154    37127.20381398
      115.25000   854895.10489510    38659.69298513
      115.35000  1050699.30069930    42858.91843403
      115.45000  1118881.11888112    44227.65958277
      115.55000  1314459.93031359    33837.84773442
      115.65000  1332752.61324042    34072.48643834
      115.75000  1390243.90243902    34799.62431261
      115.85000  1342334.49477352    34194.74987176
      115.95000  1236111.11111111    46325.22244488
      116.05000  1059027.77777778    42878.78137232
      116.15000   878472.22222222    39052.85374723
      116.25000   906250.00000000    39665.48492637
      116.35000   699652.77777778    34852.18732619
      116.45000   677083.33333333    34285.44732314
      116.55000   592013.88888889    32059.34950108
      116.65000   500000.00000000    29462.78254944
      116.75000   513888.88888889    29869.18495501
      116.85000   428819.44444444    27285.12785677
      116.95000   536458.33333333    30518.04831814
      117.05000   567708.33333333    31394.34256949
      117.15000   541666.66666667    30665.83634142
      117.25000   666666.66666667    34020.69087199
      117.35000   701388.88888889    34895.40146223
      117.45000   671875.00000000    34153.32564741
      117.55000   781250.00000000    36828.47818680
      117.65000   831597.22222222    37996.64692403
      117.75000   819444.44444444    37717.98781667
      117.85000   871527.77777778    38898.18837224
      117.95000   859375.00000000    38626.03378696
      118.05000   760416.66666667    36334.11377857
      118.15000   635416.66666667    33213.76123213
      118.25000   585745.14038877    22495.40659402
      118.35000   543412.52699784    21667.27637837
      118.45000   497624.19006479    20734.34125270
      118.55000   443196.54427646    19567.60544779
      118.65000   417884.78073947    26807.32118335
      118.75000   359415.30524506    24861.27651728
      118.85000   337059.32932072    24075.66638005
      118.95000   352536.54342218    24622.22022919
      119.05000   381771.28116939    25622.81070637
      119.15000   412725.70937231    26641.32998251
      119.25000   386930.35253654    25795.35683577
      119.35000   388650.04299226    25852.61629987
      119.45000   390369.73344798    25909.74922325
      119.55000   386930.35253654    25795.35683577
      119.65000   409286.32846088    26530.09221073
      119.75000   393809.11435942    26023.63877974
      119.85000   479793.63714531    28724.49370334
      119.95000   493551.16079106    29133.40386259
      120.05000   570937.23129837    31334.25134701
      120.15000   603611.34995701    32218.39036147
      120.25000   693035.25365434    34522.54496971
      120.35000   708512.46775580    34905.90392121
      120.45000   813413.58555460    37400.79651063
      120.55000   882201.20378332    38950.13466176
      120.65000   976784.17884781    40984.95369841
      120.75000   904557.17970765    39440.56729555
      120.85000   911435.94153052    39590.24740575
      120.95000   915142.99109236    29293.01331798
      121.05000   833567.74496015    27956.96486803
      121.15000   751054.85232068    26537.21837428
      121.25000   706985.46647914    25746.89211017
      121.35000   567010.30927835    34192.00814799
      121.45000   579381.44329897    34562.99920462
      121.55000   470103.09278351    31133.33787741
      121.65000   534020.61855670    33182.42667924
      121.75000   511340.20618557    32470.13556294
      121.85000   519587.62886598    32730.94405441
      121.95000   492783.50515464    31875.51512111
      122.05000   538144.32989691    33310.29777609
      122.15000   602061.85567010    35233.00513533
      122.25000   674226.80412371    37284.82746397
      122.35000   659793.81443299    36883.59550515
      122.45000   742268.04123711    39120.96074435
      122.55000   822680.41237113    41185.53475348
      122.65000   896907.21649485    43003.40951467
      122.75000  1041237.11340206    46334.44341081
      122.85000   975257.73195876    44842.39829058
      122.95000   967010.30927835    44652.38727362
      123.05000   977319.58762887    44889.77537542
      123.15000   892783.50515464    42904.43720966
      123.25000   822680.41237113    41185.53475348
      123.35000   806185.56701031    40770.55656347
      123.45000   847422.68041237    41800.27821178
      123.55000   795876.28865979    40509.03650389
      123.65000   870103.09278351    42355.95584366
      123.75000   936082.47422680    43932.52732508
      123.85000  1002061.85567010    45454.44883515
      123.95000  1010309.27835052    45641.12086841
