# {InputWorkspace: MoTe2_S1_P37_cool_down_201_200K_target_215.019actual	 P1Bin: -2.07,1.92	 P2Bin: -0.1,0.1	 P3Bin: -1.49,0,1.49	 P4Bin: 	 P5Bin: 	 OutputWorkspace: MoTe2_S1_P37_cool_down_201_200K_target_215.019actual_cuts }
# [0,0,L] in 0.462 A^-1	 Signal	 Error
-1.49	-nan	-nan
-1.47	-nan	-nan
-1.45	-nan	-nan
-1.43	-nan	-nan
-1.41	-nan	-nan
-1.39	-nan	-nan
-1.37	-nan	-nan
-1.35	-nan	-nan
-1.33	-nan	-nan
-1.31	-nan	-nan
-1.29	-nan	-nan
-1.27	-nan	-nan
-1.25	-nan	-nan
-1.23	-nan	-nan
-1.21	-nan	-nan
-1.19	-nan	-nan
-1.17	-nan	-nan
-1.15	-nan	-nan
-1.13	-nan	-nan
-1.11	-nan	-nan
-1.09	1.62376e-05	1.17523e-06
-1.07	1.77119e-05	1.22589e-06
-1.05	1.88667e-05	1.27449e-06
-1.03	1.89535e-05	1.27783e-06
-1.01	2.04773e-05	1.33695e-06
-0.99	1.92689e-05	1.28991e-06
-0.97	1.9876e-05	1.31236e-06
-0.95	2.07085e-05	1.33843e-06
-0.93	2.02088e-05	1.31535e-06
-0.91	2.08107e-05	1.33751e-06
-0.89	2.05927e-05	1.33312e-06
-0.87	1.96446e-05	1.29418e-06
-0.85	2.03428e-05	1.32025e-06
-0.83	1.98129e-05	1.30082e-06
-0.81	1.93852e-05	1.29608e-06
-0.79	1.77439e-05	1.23391e-06
-0.77	1.78006e-05	1.25035e-06
-0.75	1.62051e-05	1.18942e-06
-0.73	1.50429e-05	1.14624e-06
-0.71	1.45616e-05	1.12564e-06
-0.69	1.39665e-05	1.10274e-06
-0.67	1.24147e-05	1.04557e-06
-0.65	1.16382e-05	9.98731e-07
-0.63	1.143e-05	9.77696e-07
-0.61	1.11842e-05	9.64885e-07
-0.59	1.08234e-05	9.48705e-07
-0.57	9.88903e-06	9.19327e-07
-0.55	1.01763e-05	9.43292e-07
-0.53	9.40687e-06	8.93651e-07
-0.51	9.67599e-06	9.04877e-07
-0.49	8.43598e-06	8.42383e-07
-0.47	8.68663e-06	8.58845e-07
-0.45	9.07304e-06	8.83713e-07
-0.43	9.24636e-06	8.90579e-07
-0.41	9.15002e-06	8.90698e-07
-0.39	8.42555e-06	8.58091e-07
-0.37	8.67249e-06	8.69669e-07
-0.35	8.62335e-06	8.66006e-07
-0.33	8.30637e-06	8.52561e-07
-0.31	8.78999e-06	8.75151e-07
-0.29	8.51075e-06	8.63672e-07
-0.27	8.0447e-06	8.32091e-07
-0.25	8.62414e-06	8.65539e-07
-0.23	7.96687e-06	8.37688e-07
-0.21	8.43774e-06	8.58347e-07
-0.19	7.69042e-06	8.14857e-07
-0.17	8.61779e-06	8.64061e-07
-0.15	8.23108e-06	8.42365e-07
-0.13	8.20693e-06	8.3816e-07
-0.11	8.96282e-06	8.7127e-07
-0.09	8.80285e-06	8.63862e-07
-0.0700001	8.05526e-06	8.28229e-07
-0.0500001	8.47766e-06	8.39655e-07
-0.0300001	9.15391e-06	8.77385e-07
-0.00999999	8.76983e-06	8.46581e-07
0.00999999	9.12036e-06	8.67832e-07
0.03	8.98257e-06	8.65282e-07
0.05	8.33687e-06	8.31135e-07
0.0699999	9.34708e-06	8.82033e-07
0.0899999	8.9643e-06	8.6902e-07
0.11	8.60225e-06	8.56027e-07
0.13	8.6551e-06	8.53288e-07
0.15	8.91008e-06	8.78204e-07
0.17	8.88149e-06	8.6979e-07
0.19	8.53858e-06	8.56331e-07
0.21	8.89288e-06	8.72704e-07
0.23	9.01797e-06	8.86902e-07
0.25	8.25879e-06	8.3895e-07
0.27	8.13007e-06	8.32451e-07
0.29	7.48255e-06	7.97132e-07
0.31	7.54998e-06	8.02867e-07
0.33	7.85861e-06	8.25232e-07
0.35	8.32349e-06	8.52644e-07
0.37	8.39962e-06	8.5446e-07
0.39	7.76539e-06	8.20115e-07
0.41	7.58727e-06	8.12231e-07
0.43	7.60722e-06	8.04497e-07
0.45	7.79203e-06	8.15942e-07
0.47	7.24483e-06	7.91446e-07
0.49	8.18433e-06	8.39773e-07
0.51	8.54214e-06	8.58749e-07
0.53	7.57583e-06	8.06073e-07
0.55	8.451e-06	8.55732e-07
0.57	8.76397e-06	8.75477e-07
0.59	7.7718e-06	8.1785e-07
0.61	8.87673e-06	8.75791e-07
0.63	8.79791e-06	8.75693e-07
0.65	8.8284e-06	8.81063e-07
0.67	8.85186e-06	8.77827e-07
0.69	9.91975e-06	9.27657e-07
0.71	1.00445e-05	9.33539e-07
0.73	1.11784e-05	9.93833e-07
0.75	1.21315e-05	1.03904e-06
0.77	1.24328e-05	1.04792e-06
0.79	1.40148e-05	1.10538e-06
0.81	1.47216e-05	1.13748e-06
0.83	1.54347e-05	1.16836e-06
0.85	1.65899e-05	1.20715e-06
0.87	1.8241e-05	1.25267e-06
0.89	1.82696e-05	1.24794e-06
0.91	1.86841e-05	1.25831e-06
0.93	2.03697e-05	1.30638e-06
0.95	1.967e-05	1.27866e-06
0.97	2.02925e-05	1.30256e-06
0.99	1.947e-05	1.26425e-06
1.01	1.91983e-05	1.23741e-06
1.03	2.11826e-05	1.29538e-06
1.05	2.19023e-05	1.30017e-06
1.07	1.95702e-05	1.20993e-06
1.09	2.01207e-05	1.28977e-06
1.11	1.98209e-05	1.33143e-06
1.13	1.90572e-05	1.30197e-06
1.15	1.80746e-05	1.26353e-06
1.17	1.61819e-05	1.20131e-06
1.19	1.63222e-05	1.20923e-06
1.21	1.46175e-05	1.14054e-06
1.23	1.36515e-05	1.09353e-06
1.25	1.29542e-05	1.0628e-06
1.27	1.24182e-05	1.04632e-06
1.29	1.17726e-05	1.01087e-06
1.31	1.16047e-05	1.00552e-06
1.33	1.10098e-05	9.73737e-07
1.35	1.17722e-05	1.01476e-06
1.37	-nan	-nan
1.39	-nan	-nan
1.41	-nan	-nan
1.43	-nan	-nan
1.45	-nan	-nan
1.47	-nan	-nan
1.49	-nan	-nan
