# {InputWorkspace: MoTe2_S1_P37_warm_up_201_150K_target_149.8347actual	 P1Bin: -2.07,1.92	 P2Bin: -0.1,0.1	 P3Bin: -1.49,0,1.49	 P4Bin: 	 P5Bin: 	 OutputWorkspace: MoTe2_S1_P37_warm_up_201_150K_target_149.8347actual_cuts }
# [0,0,L] in 0.462 A^-1	 Signal	 Error
-1.49	-nan	-nan
-1.47	-nan	-nan
-1.45	-nan	-nan
-1.43	-nan	-nan
-1.41	-nan	-nan
-1.39	-nan	-nan
-1.37	-nan	-nan
-1.35	-nan	-nan
-1.33	-nan	-nan
-1.31	-nan	-nan
-1.29	-nan	-nan
-1.27	-nan	-nan
-1.25	-nan	-nan
-1.23	-nan	-nan
-1.21	-nan	-nan
-1.19	-nan	-nan
-1.17	-nan	-nan
-1.15	-nan	-nan
-1.13	-nan	-nan
-1.11	-nan	-nan
-1.09	1.8746e-05	1.27475e-06
-1.07	1.95884e-05	1.3025e-06
-1.05	2.06208e-05	1.34345e-06
-1.03	1.96244e-05	1.30574e-06
-1.01	2.04201e-05	1.34206e-06
-0.99	2.05152e-05	1.33635e-06
-0.97	2.05288e-05	1.33378e-06
-0.95	2.05495e-05	1.32822e-06
-0.93	2.05206e-05	1.33135e-06
-0.91	2.05466e-05	1.33372e-06
-0.89	2.01947e-05	1.32389e-06
-0.87	1.90817e-05	1.28746e-06
-0.85	1.98462e-05	1.32085e-06
-0.83	1.86074e-05	1.27692e-06
-0.81	1.7094e-05	1.23183e-06
-0.79	1.60137e-05	1.18931e-06
-0.77	1.52474e-05	1.16278e-06
-0.75	1.45279e-05	1.12823e-06
-0.73	1.32305e-05	1.07689e-06
-0.71	1.14898e-05	1.0057e-06
-0.69	1.10485e-05	9.731e-07
-0.67	1.07808e-05	9.74261e-07
-0.65	1.00224e-05	9.29503e-07
-0.63	9.96732e-06	9.10549e-07
-0.61	9.92823e-06	9.01073e-07
-0.59	9.16014e-06	8.6291e-07
-0.57	9.23502e-06	8.74662e-07
-0.55	9.07097e-06	8.80928e-07
-0.53	9.09285e-06	8.62575e-07
-0.51	9.26303e-06	8.71096e-07
-0.49	8.39392e-06	8.28407e-07
-0.47	8.42836e-06	8.41873e-07
-0.45	8.34028e-06	8.47623e-07
-0.43	8.48897e-06	8.53571e-07
-0.41	8.52573e-06	8.60799e-07
-0.39	8.00226e-06	8.38731e-07
-0.37	8.1822e-06	8.47642e-07
-0.35	8.48831e-06	8.7003e-07
-0.33	8.40487e-06	8.64546e-07
-0.31	7.85069e-06	8.31747e-07
-0.29	7.77947e-06	8.28496e-07
-0.27	8.30416e-06	8.5266e-07
-0.25	8.36497e-06	8.622e-07
-0.23	8.07662e-06	8.44014e-07
-0.21	8.18466e-06	8.47255e-07
-0.19	8.5241e-06	8.56591e-07
-0.17	8.54582e-06	8.63512e-07
-0.15	8.27866e-06	8.40325e-07
-0.13	9.18153e-06	8.83636e-07
-0.11	8.95385e-06	8.62461e-07
-0.09	8.72255e-06	8.54802e-07
-0.0700001	8.90077e-06	8.65086e-07
-0.0500001	8.67626e-06	8.42411e-07
-0.0300001	9.09337e-06	8.69334e-07
-0.00999999	8.68982e-06	8.49832e-07
0.00999999	8.07619e-06	8.17872e-07
0.03	9.02989e-06	8.70326e-07
0.05	8.62283e-06	8.46243e-07
0.0699999	8.85456e-06	8.58239e-07
0.0899999	8.94763e-06	8.61442e-07
0.11	8.30613e-06	8.43478e-07
0.13	8.4244e-06	8.45728e-07
0.15	8.40103e-06	8.52765e-07
0.17	8.62046e-06	8.60985e-07
0.19	8.24249e-06	8.39394e-07
0.21	8.19384e-06	8.42228e-07
0.23	7.98685e-06	8.29646e-07
0.25	7.45219e-06	8.008e-07
0.27	7.57282e-06	8.02797e-07
0.29	7.36333e-06	7.97009e-07
0.31	7.55308e-06	8.04842e-07
0.33	7.53362e-06	8.08422e-07
0.35	7.74963e-06	8.20016e-07
0.37	7.30299e-06	7.99887e-07
0.39	7.34796e-06	7.97431e-07
0.41	8.29763e-06	8.46626e-07
0.43	7.73194e-06	8.15359e-07
0.45	7.73626e-06	8.16255e-07
0.47	8.12672e-06	8.4251e-07
0.49	7.57592e-06	8.14404e-07
0.51	8.50764e-06	8.61891e-07
0.53	8.43338e-06	8.5967e-07
0.55	8.34578e-06	8.55346e-07
0.57	8.11686e-06	8.38403e-07
0.59	8.20197e-06	8.4867e-07
0.61	8.87964e-06	8.79704e-07
0.63	9.2895e-06	9.01588e-07
0.65	9.10621e-06	9.04468e-07
0.67	9.66227e-06	9.20943e-07
0.69	1.07447e-05	9.75013e-07
0.71	1.10497e-05	9.79582e-07
0.73	1.21665e-05	1.03708e-06
0.75	1.31388e-05	1.0869e-06
0.77	1.38916e-05	1.10887e-06
0.79	1.53187e-05	1.16085e-06
0.81	1.72685e-05	1.2328e-06
0.83	1.72929e-05	1.23788e-06
0.85	1.755e-05	1.23332e-06
0.87	1.80828e-05	1.23546e-06
0.89	1.87765e-05	1.26328e-06
0.91	1.80656e-05	1.22828e-06
0.93	1.9666e-05	1.26832e-06
0.95	1.97545e-05	1.27311e-06
0.97	1.85038e-05	1.23959e-06
0.99	1.92764e-05	1.26247e-06
1.01	1.92044e-05	1.23417e-06
1.03	1.94192e-05	1.23587e-06
1.05	2.00406e-05	1.23699e-06
1.07	1.87761e-05	1.18489e-06
1.09	1.67361e-05	1.18583e-06
1.11	1.71444e-05	1.23672e-06
1.13	1.58412e-05	1.17815e-06
1.15	1.50398e-05	1.14628e-06
1.17	1.3342e-05	1.08474e-06
1.19	1.29692e-05	1.06984e-06
1.21	1.20249e-05	1.03126e-06
1.23	1.13855e-05	1.00054e-06
1.25	1.13066e-05	9.98933e-07
1.27	1.08941e-05	9.77795e-07
1.29	1.02767e-05	9.47302e-07
1.31	1.00545e-05	9.36823e-07
1.33	9.93981e-06	9.31484e-07
1.35	9.58575e-06	9.1481e-07
1.37	-nan	-nan
1.39	-nan	-nan
1.41	-nan	-nan
1.43	-nan	-nan
1.45	-nan	-nan
1.47	-nan	-nan
1.49	-nan	-nan
