# {InputWorkspace: MoTe2_S1_P37_warm_up_201_210K_target_192.24actual	 P1Bin: -2.07,1.92	 P2Bin: -0.1,0.1	 P3Bin: -1.49,0,1.49	 P4Bin: 	 P5Bin: 	 OutputWorkspace: MoTe2_S1_P37_warm_up_201_210K_target_192.24actual_cuts }
# [0,0,L] in 0.462 A^-1	 Signal	 Error
-1.49	-nan	-nan
-1.47	-nan	-nan
-1.45	-nan	-nan
-1.43	-nan	-nan
-1.41	-nan	-nan
-1.39	-nan	-nan
-1.37	-nan	-nan
-1.35	-nan	-nan
-1.33	-nan	-nan
-1.31	-nan	-nan
-1.29	-nan	-nan
-1.27	-nan	-nan
-1.25	-nan	-nan
-1.23	-nan	-nan
-1.21	-nan	-nan
-1.19	-nan	-nan
-1.17	-nan	-nan
-1.15	-nan	-nan
-1.13	-nan	-nan
-1.11	-nan	-nan
-1.09	1.85789e-05	1.26384e-06
-1.07	1.84485e-05	1.26396e-06
-1.05	1.97804e-05	1.30691e-06
-1.03	1.96857e-05	1.30925e-06
-1.01	2.11592e-05	1.36106e-06
-0.99	1.97467e-05	1.30987e-06
-0.97	2.04528e-05	1.33127e-06
-0.95	2.15869e-05	1.36947e-06
-0.93	2.08888e-05	1.34409e-06
-0.91	2.11517e-05	1.35132e-06
-0.89	2.11064e-05	1.3587e-06
-0.87	2.18659e-05	1.3793e-06
-0.85	1.9267e-05	1.29143e-06
-0.83	1.95094e-05	1.29819e-06
-0.81	1.73578e-05	1.23915e-06
-0.79	1.71957e-05	1.23382e-06
-0.77	1.66129e-05	1.21807e-06
-0.75	1.43286e-05	1.12013e-06
-0.73	1.37739e-05	1.10351e-06
-0.71	1.22985e-05	1.03724e-06
-0.69	1.14233e-05	9.94951e-07
-0.67	1.09471e-05	9.82968e-07
-0.65	1.12436e-05	9.85158e-07
-0.63	1.04156e-05	9.35254e-07
-0.61	9.7552e-06	8.91746e-07
-0.59	9.65841e-06	8.90616e-07
-0.57	9.5568e-06	8.92479e-07
-0.55	8.85982e-06	8.63585e-07
-0.53	9.94455e-06	9.15835e-07
-0.51	8.76681e-06	8.50181e-07
-0.49	8.34159e-06	8.34317e-07
-0.47	8.92743e-06	8.70125e-07
-0.45	8.56052e-06	8.53649e-07
-0.43	8.61847e-06	8.62855e-07
-0.41	8.82015e-06	8.75243e-07
-0.39	8.29239e-06	8.48131e-07
-0.37	8.08058e-06	8.43486e-07
-0.35	8.74953e-06	8.82293e-07
-0.33	8.23302e-06	8.55565e-07
-0.31	8.87777e-06	8.8083e-07
-0.29	8.00167e-06	8.42831e-07
-0.27	8.32991e-06	8.5925e-07
-0.25	8.70182e-06	8.77749e-07
-0.23	8.6303e-06	8.69359e-07
-0.21	8.66243e-06	8.75597e-07
-0.19	8.10898e-06	8.37339e-07
-0.17	8.41664e-06	8.48723e-07
-0.15	8.43209e-06	8.52035e-07
-0.13	8.64181e-06	8.54487e-07
-0.11	8.90876e-06	8.70739e-07
-0.09	8.82326e-06	8.61099e-07
-0.0700001	9.13496e-06	8.78619e-07
-0.0500001	8.42365e-06	8.30496e-07
-0.0300001	8.41268e-06	8.38582e-07
-0.00999999	8.82934e-06	8.56321e-07
0.00999999	8.51036e-06	8.37729e-07
0.03	8.39775e-06	8.37672e-07
0.05	8.50632e-06	8.41612e-07
0.0699999	8.79693e-06	8.53862e-07
0.0899999	8.64659e-06	8.48656e-07
0.11	8.67583e-06	8.54739e-07
0.13	8.51856e-06	8.41908e-07
0.15	8.64299e-06	8.6068e-07
0.17	8.61885e-06	8.56662e-07
0.19	8.53718e-06	8.56173e-07
0.21	8.19134e-06	8.42583e-07
0.23	8.2829e-06	8.50101e-07
0.25	7.60319e-06	8.04646e-07
0.27	8.00874e-06	8.28297e-07
0.29	7.66343e-06	8.07981e-07
0.31	7.72443e-06	8.17217e-07
0.33	7.90909e-06	8.3316e-07
0.35	8.01644e-06	8.35298e-07
0.37	7.14512e-06	7.92138e-07
0.39	7.66432e-06	8.15921e-07
0.41	7.40769e-06	8.0005e-07
0.43	7.94398e-06	8.26375e-07
0.45	7.74777e-06	8.17452e-07
0.47	7.54563e-06	8.11947e-07
0.49	8.28763e-06	8.55479e-07
0.51	8.00255e-06	8.34349e-07
0.53	8.38452e-06	8.53601e-07
0.55	8.24718e-06	8.43467e-07
0.57	8.23347e-06	8.48391e-07
0.59	8.40039e-06	8.55645e-07
0.61	8.97596e-06	8.82409e-07
0.63	9.00837e-06	8.87236e-07
0.65	9.09842e-06	8.95321e-07
0.67	9.80403e-06	9.26359e-07
0.69	1.01373e-05	9.44036e-07
0.71	1.10985e-05	9.86588e-07
0.73	1.19537e-05	1.03187e-06
0.75	1.20746e-05	1.03716e-06
0.77	1.4542e-05	1.13852e-06
0.79	1.5664e-05	1.17932e-06
0.81	1.58191e-05	1.1823e-06
0.83	1.7433e-05	1.24778e-06
0.85	1.82553e-05	1.2605e-06
0.87	1.8565e-05	1.25976e-06
0.89	1.88158e-05	1.2621e-06
0.91	1.96034e-05	1.28461e-06
0.93	1.97392e-05	1.28302e-06
0.95	1.91412e-05	1.25332e-06
0.97	1.90649e-05	1.25697e-06
0.99	1.94141e-05	1.2652e-06
1.01	1.96058e-05	1.24372e-06
1.03	1.96609e-05	1.24103e-06
1.05	2.1292e-05	1.28433e-06
1.07	1.87424e-05	1.17963e-06
1.09	1.77401e-05	1.22282e-06
1.11	1.80652e-05	1.27402e-06
1.13	1.61022e-05	1.19357e-06
1.15	1.56829e-05	1.16895e-06
1.17	1.45239e-05	1.14575e-06
1.19	1.3079e-05	1.08122e-06
1.21	1.20858e-05	1.03554e-06
1.23	1.21187e-05	1.02894e-06
1.25	1.09819e-05	9.84289e-07
1.27	1.02159e-05	9.42334e-07
1.29	9.80101e-06	9.24342e-07
1.31	1.03715e-05	9.55393e-07
1.33	1.00316e-05	9.36813e-07
1.35	9.64889e-06	9.19284e-07
1.37	-nan	-nan
1.39	-nan	-nan
1.41	-nan	-nan
1.43	-nan	-nan
1.45	-nan	-nan
1.47	-nan	-nan
1.49	-nan	-nan
