# {InputWorkspace: MoTe2_S1_P37_warm_up_201_290K_target_272.4651actual	 P1Bin: -2.07,1.92	 P2Bin: -0.1,0.1	 P3Bin: -1.49,0,1.49	 P4Bin: 	 P5Bin: 	 OutputWorkspace: MoTe2_S1_P37_warm_up_201_290K_target_272.4651actual_cuts }
# [0,0,L] in 0.462 A^-1	 Signal	 Error
-1.49	-nan	-nan
-1.47	-nan	-nan
-1.45	-nan	-nan
-1.43	-nan	-nan
-1.41	-nan	-nan
-1.39	-nan	-nan
-1.37	-nan	-nan
-1.35	-nan	-nan
-1.33	-nan	-nan
-1.31	-nan	-nan
-1.29	-nan	-nan
-1.27	-nan	-nan
-1.25	-nan	-nan
-1.23	-nan	-nan
-1.21	-nan	-nan
-1.19	-nan	-nan
-1.17	-nan	-nan
-1.15	-nan	-nan
-1.13	-nan	-nan
-1.11	-nan	-nan
-1.09	1.61046e-05	1.17442e-06
-1.07	1.65975e-05	1.19272e-06
-1.05	1.75465e-05	1.23677e-06
-1.03	1.91412e-05	1.29337e-06
-1.01	1.73179e-05	1.22382e-06
-0.99	1.7788e-05	1.24231e-06
-0.97	1.83039e-05	1.25804e-06
-0.95	1.83685e-05	1.25863e-06
-0.93	1.88092e-05	1.27074e-06
-0.91	1.87839e-05	1.26847e-06
-0.89	1.75413e-05	1.2293e-06
-0.87	1.80843e-05	1.24493e-06
-0.85	1.76182e-05	1.22796e-06
-0.83	1.81804e-05	1.25327e-06
-0.81	1.72097e-05	1.22125e-06
-0.79	1.63633e-05	1.18719e-06
-0.77	1.61585e-05	1.1825e-06
-0.75	1.58536e-05	1.17316e-06
-0.73	1.47128e-05	1.12888e-06
-0.71	1.45871e-05	1.12768e-06
-0.69	1.33017e-05	1.07639e-06
-0.67	1.20335e-05	1.02493e-06
-0.65	1.14747e-05	9.87602e-07
-0.63	1.12329e-05	9.63603e-07
-0.61	1.1467e-05	9.76078e-07
-0.59	1.16736e-05	9.87861e-07
-0.57	1.06984e-05	9.61031e-07
-0.55	1.06407e-05	9.66009e-07
-0.53	1.07462e-05	9.57842e-07
-0.51	1.00871e-05	9.23407e-07
-0.49	1.02578e-05	9.3632e-07
-0.47	1.02691e-05	9.43074e-07
-0.45	9.17356e-06	8.93324e-07
-0.43	9.87169e-06	9.34522e-07
-0.41	1.0065e-05	9.443e-07
-0.39	9.30688e-06	9.04574e-07
-0.37	9.63065e-06	9.20457e-07
-0.35	9.74028e-06	9.28293e-07
-0.33	9.46971e-06	9.17198e-07
-0.31	8.77251e-06	8.7928e-07
-0.29	8.95074e-06	8.90635e-07
-0.27	9.0226e-06	8.8833e-07
-0.25	8.75771e-06	8.7581e-07
-0.23	8.37203e-06	8.54092e-07
-0.21	8.59064e-06	8.6732e-07
-0.19	9.32936e-06	9.03216e-07
-0.17	8.76609e-06	8.78245e-07
-0.15	8.52338e-06	8.6422e-07
-0.13	8.4902e-06	8.51155e-07
-0.11	9.02551e-06	8.82972e-07
-0.09	8.47161e-06	8.49594e-07
-0.0700001	8.53062e-06	8.47254e-07
-0.0500001	8.72338e-06	8.55312e-07
-0.0300001	8.80969e-06	8.60535e-07
-0.00999999	8.8521e-06	8.60645e-07
0.00999999	8.93266e-06	8.6588e-07
0.03	9.16244e-06	8.80853e-07
0.05	8.40199e-06	8.34461e-07
0.0699999	9.04685e-06	8.69506e-07
0.0899999	8.21192e-06	8.3533e-07
0.11	8.35008e-06	8.34012e-07
0.13	8.80418e-06	8.6326e-07
0.15	8.71514e-06	8.68387e-07
0.17	8.94628e-06	8.72706e-07
0.19	8.65949e-06	8.61224e-07
0.21	8.53547e-06	8.57181e-07
0.23	8.86788e-06	8.80124e-07
0.25	7.96844e-06	8.23039e-07
0.27	8.97506e-06	8.7789e-07
0.29	8.2131e-06	8.37454e-07
0.31	8.07957e-06	8.3401e-07
0.33	8.84672e-06	8.82421e-07
0.35	8.31272e-06	8.55509e-07
0.37	8.38693e-06	8.56761e-07
0.39	9.02233e-06	8.8551e-07
0.41	8.95922e-06	8.84612e-07
0.43	8.28639e-06	8.44521e-07
0.45	8.70946e-06	8.67486e-07
0.47	8.48996e-06	8.51411e-07
0.49	9.37473e-06	8.98891e-07
0.51	8.8026e-06	8.66591e-07
0.53	9.13341e-06	8.86392e-07
0.55	8.49131e-06	8.51802e-07
0.57	9.26553e-06	8.94136e-07
0.59	8.73714e-06	8.66886e-07
0.61	9.85584e-06	9.19755e-07
0.63	9.39726e-06	9.03859e-07
0.65	9.79427e-06	9.26118e-07
0.67	1.02879e-05	9.4923e-07
0.69	1.02092e-05	9.43319e-07
0.71	1.09671e-05	9.79747e-07
0.73	1.06774e-05	9.67068e-07
0.75	1.11372e-05	9.96061e-07
0.77	1.2698e-05	1.05949e-06
0.79	1.28395e-05	1.06707e-06
0.81	1.40736e-05	1.11673e-06
0.83	1.54176e-05	1.17787e-06
0.85	1.48198e-05	1.1478e-06
0.87	1.62416e-05	1.18689e-06
0.89	1.63408e-05	1.18338e-06
0.91	1.72298e-05	1.2193e-06
0.93	1.82535e-05	1.24383e-06
0.95	1.80253e-05	1.23063e-06
0.97	1.71284e-05	1.1956e-06
0.99	1.78169e-05	1.21863e-06
1.01	1.73944e-05	1.18692e-06
1.03	1.86335e-05	1.23026e-06
1.05	1.94916e-05	1.23781e-06
1.07	1.74739e-05	1.14897e-06
1.09	1.7208e-05	1.19265e-06
1.11	1.78817e-05	1.25368e-06
1.13	1.72642e-05	1.23835e-06
1.15	1.73424e-05	1.23227e-06
1.17	1.67486e-05	1.22028e-06
1.19	1.56601e-05	1.18443e-06
1.21	1.52797e-05	1.1676e-06
1.23	1.46158e-05	1.13289e-06
1.25	1.39766e-05	1.10586e-06
1.27	1.46147e-05	1.13323e-06
1.29	1.43288e-05	1.11325e-06
1.31	1.35094e-05	1.08514e-06
1.33	1.42712e-05	1.12101e-06
1.35	1.38839e-05	1.09461e-06
1.37	-nan	-nan
1.39	-nan	-nan
1.41	-nan	-nan
1.43	-nan	-nan
1.45	-nan	-nan
1.47	-nan	-nan
1.49	-nan	-nan
