# {InputWorkspace: MoTe2_S1_P37_cool_down_201_310K_target_309.0912actual	 P1Bin: -2.07,1.92	 P2Bin: -0.1,0.1	 P3Bin: -1.49,0,1.49	 P4Bin: 	 P5Bin: 	 OutputWorkspace: MoTe2_S1_P37_cool_down_201_310K_target_309.0912actual_cuts }
# [0,0,L] in 0.462 A^-1	 Signal	 Error
-1.49	-nan	-nan
-1.47	-nan	-nan
-1.45	-nan	-nan
-1.43	-nan	-nan
-1.41	-nan	-nan
-1.39	-nan	-nan
-1.37	-nan	-nan
-1.35	-nan	-nan
-1.33	-nan	-nan
-1.31	-nan	-nan
-1.29	-nan	-nan
-1.27	-nan	-nan
-1.25	-nan	-nan
-1.23	-nan	-nan
-1.21	-nan	-nan
-1.19	-nan	-nan
-1.17	-nan	-nan
-1.15	-nan	-nan
-1.13	-nan	-nan
-1.11	-nan	-nan
-1.09	1.50844e-05	1.14108e-06
-1.07	1.51336e-05	1.14743e-06
-1.05	1.44609e-05	1.12036e-06
-1.03	1.45862e-05	1.13183e-06
-1.01	1.37238e-05	1.09476e-06
-0.99	1.36756e-05	1.09796e-06
-0.97	1.32502e-05	1.08296e-06
-0.95	1.33534e-05	1.07828e-06
-0.93	1.25666e-05	1.04336e-06
-0.91	1.31043e-05	1.06633e-06
-0.89	1.27447e-05	1.05357e-06
-0.87	1.31747e-05	1.06645e-06
-0.85	1.33647e-05	1.06087e-06
-0.83	1.40373e-05	1.08686e-06
-0.81	1.37384e-05	1.06961e-06
-0.79	1.36282e-05	1.06615e-06
-0.77	1.41778e-05	1.09251e-06
-0.75	1.51833e-05	1.12703e-06
-0.73	1.50601e-05	1.12119e-06
-0.71	1.49482e-05	1.11459e-06
-0.69	1.62575e-05	1.16514e-06
-0.67	1.63815e-05	1.18519e-06
-0.65	1.59877e-05	1.13387e-06
-0.63	1.61504e-05	1.12976e-06
-0.61	1.49546e-05	1.10378e-06
-0.59	1.59411e-05	1.17439e-06
-0.57	1.60176e-05	1.18585e-06
-0.55	1.62161e-05	1.21054e-06
-0.53	1.53781e-05	1.17378e-06
-0.51	1.38246e-05	1.1031e-06
-0.49	1.31085e-05	1.07105e-06
-0.47	1.27486e-05	1.0627e-06
-0.45	1.22277e-05	1.04926e-06
-0.43	1.18627e-05	1.033e-06
-0.41	1.17935e-05	1.02868e-06
-0.39	1.15636e-05	1.01502e-06
-0.37	1.05864e-05	9.65539e-07
-0.35	1.02463e-05	9.47607e-07
-0.33	9.94387e-06	9.29662e-07
-0.31	9.3372e-06	8.99883e-07
-0.29	8.9967e-06	8.87563e-07
-0.27	9.06502e-06	8.82415e-07
-0.25	9.10036e-06	8.84877e-07
-0.23	8.89094e-06	8.77546e-07
-0.21	8.90429e-06	8.69196e-07
-0.19	9.33492e-06	8.92652e-07
-0.17	9.08178e-06	8.85503e-07
-0.15	8.56435e-06	8.58588e-07
-0.13	9.18574e-06	8.86819e-07
-0.11	8.43499e-06	8.47165e-07
-0.09	8.5099e-06	8.56241e-07
-0.0700001	8.98165e-06	8.77605e-07
-0.0500001	8.051e-06	8.19589e-07
-0.0300001	8.09838e-06	8.32385e-07
-0.00999999	8.54652e-06	8.48989e-07
0.00999999	8.01223e-06	8.19872e-07
0.03	8.57197e-06	8.51958e-07
0.05	8.58705e-06	8.56293e-07
0.0699999	8.56498e-06	8.50004e-07
0.0899999	8.47163e-06	8.50534e-07
0.11	8.25975e-06	8.39736e-07
0.13	8.16995e-06	8.3547e-07
0.15	8.04724e-06	8.29757e-07
0.17	8.04819e-06	8.33707e-07
0.19	8.94077e-06	8.75138e-07
0.21	9.16837e-06	8.86896e-07
0.23	9.57045e-06	9.09055e-07
0.25	8.50269e-06	8.48928e-07
0.27	8.85007e-06	8.62946e-07
0.29	8.99234e-06	8.70436e-07
0.31	8.93615e-06	8.74859e-07
0.33	8.63065e-06	8.70633e-07
0.35	9.04174e-06	8.92826e-07
0.37	9.33314e-06	9.02894e-07
0.39	9.11715e-06	8.90654e-07
0.41	8.70277e-06	8.71595e-07
0.43	9.33376e-06	8.98053e-07
0.45	9.54804e-06	9.04539e-07
0.47	8.92393e-06	8.74758e-07
0.49	8.77686e-06	8.63505e-07
0.51	9.02332e-06	8.64036e-07
0.53	9.77789e-06	9.02458e-07
0.55	9.42535e-06	8.9283e-07
0.57	9.12473e-06	8.76653e-07
0.59	9.64589e-06	8.94494e-07
0.61	9.98008e-06	9.14067e-07
0.63	1.03188e-05	9.4176e-07
0.65	1.15161e-05	9.93137e-07
0.67	1.09551e-05	9.68798e-07
0.69	1.1411e-05	9.90533e-07
0.71	1.14062e-05	9.95083e-07
0.73	1.12115e-05	9.93716e-07
0.75	1.14271e-05	1.0091e-06
0.77	1.14054e-05	1.00605e-06
0.79	1.2047e-05	1.03125e-06
0.81	1.1906e-05	1.03234e-06
0.83	1.2016e-05	1.0415e-06
0.85	1.25524e-05	1.06046e-06
0.87	1.2649e-05	1.06015e-06
0.89	1.17879e-05	1.01921e-06
0.91	1.22141e-05	1.03819e-06
0.93	1.194e-05	1.02255e-06
0.95	1.28183e-05	1.06761e-06
0.97	1.27512e-05	1.051e-06
0.99	1.34081e-05	1.07584e-06
1.01	1.33588e-05	1.07419e-06
1.03	1.35953e-05	1.07418e-06
1.05	1.51305e-05	1.1384e-06
1.07	1.55698e-05	1.1133e-06
1.09	1.67403e-05	1.16972e-06
1.11	1.88422e-05	1.29473e-06
1.13	1.94416e-05	1.32333e-06
1.15	2.0661e-05	1.36276e-06
1.17	2.19385e-05	1.40457e-06
1.19	2.15827e-05	1.39887e-06
1.21	2.27656e-05	1.43895e-06
1.23	2.36494e-05	1.44289e-06
1.25	2.28005e-05	1.41996e-06
1.27	2.35915e-05	1.4462e-06
1.29	2.29523e-05	1.40522e-06
1.31	2.13751e-05	1.3452e-06
1.33	1.99625e-05	1.30315e-06
1.35	2.10194e-05	1.33411e-06
1.37	-nan	-nan
1.39	-nan	-nan
1.41	-nan	-nan
1.43	-nan	-nan
1.45	-nan	-nan
1.47	-nan	-nan
1.49	-nan	-nan
