# {InputWorkspace: MoTe2_S1_P37_warm_up_201_305K_target_291.1937actual	 P1Bin: -2.07,1.92	 P2Bin: -0.1,0.1	 P3Bin: -1.49,0,1.49	 P4Bin: 	 P5Bin: 	 OutputWorkspace: MoTe2_S1_P37_warm_up_201_305K_target_291.1937actual_cuts }
# [0,0,L] in 0.462 A^-1	 Signal	 Error
-1.49	-nan	-nan
-1.47	-nan	-nan
-1.45	-nan	-nan
-1.43	-nan	-nan
-1.41	-nan	-nan
-1.39	-nan	-nan
-1.37	-nan	-nan
-1.35	-nan	-nan
-1.33	-nan	-nan
-1.31	-nan	-nan
-1.29	-nan	-nan
-1.27	-nan	-nan
-1.25	-nan	-nan
-1.23	-nan	-nan
-1.21	-nan	-nan
-1.19	-nan	-nan
-1.17	-nan	-nan
-1.15	-nan	-nan
-1.13	-nan	-nan
-1.11	-nan	-nan
-1.09	1.60941e-05	1.17259e-06
-1.07	1.67302e-05	1.20288e-06
-1.05	1.58673e-05	1.17642e-06
-1.03	1.68494e-05	1.21592e-06
-1.01	1.72e-05	1.2287e-06
-0.99	1.67522e-05	1.2107e-06
-0.97	1.65143e-05	1.19915e-06
-0.95	1.57959e-05	1.16923e-06
-0.93	1.67825e-05	1.20265e-06
-0.91	1.62309e-05	1.17971e-06
-0.89	1.6259e-05	1.18643e-06
-0.87	1.64689e-05	1.19e-06
-0.85	1.63043e-05	1.17912e-06
-0.83	1.65314e-05	1.19039e-06
-0.81	1.60199e-05	1.17164e-06
-0.79	1.56373e-05	1.15929e-06
-0.77	1.55721e-05	1.15171e-06
-0.75	1.49521e-05	1.12722e-06
-0.73	1.49524e-05	1.13242e-06
-0.71	1.48798e-05	1.12679e-06
-0.69	1.43297e-05	1.11461e-06
-0.67	1.41999e-05	1.12031e-06
-0.65	1.36707e-05	1.0779e-06
-0.63	1.26332e-05	1.01352e-06
-0.61	1.22222e-05	1.00138e-06
-0.59	1.23663e-05	1.022e-06
-0.57	1.14298e-05	9.98914e-07
-0.55	1.21284e-05	1.0384e-06
-0.53	1.15088e-05	1.00222e-06
-0.51	1.11914e-05	9.83962e-07
-0.49	1.11078e-05	9.79452e-07
-0.47	1.11923e-05	9.87459e-07
-0.45	1.09274e-05	9.83556e-07
-0.43	1.05282e-05	9.60834e-07
-0.41	1.03234e-05	9.54931e-07
-0.39	1.01289e-05	9.50243e-07
-0.37	1.00352e-05	9.40968e-07
-0.35	9.92272e-06	9.36622e-07
-0.33	9.14015e-06	9.01929e-07
-0.31	9.47245e-06	9.14733e-07
-0.29	9.08394e-06	8.90296e-07
-0.27	9.34189e-06	9.01936e-07
-0.25	9.15265e-06	8.9481e-07
-0.23	9.16072e-06	8.94806e-07
-0.21	9.13264e-06	8.94987e-07
-0.19	8.70335e-06	8.69565e-07
-0.17	8.55802e-06	8.62291e-07
-0.15	8.86591e-06	8.7751e-07
-0.13	8.83612e-06	8.69972e-07
-0.11	8.33443e-06	8.418e-07
-0.09	8.78158e-06	8.67514e-07
-0.0700001	9.35114e-06	8.93049e-07
-0.0500001	8.7152e-06	8.56152e-07
-0.0300001	8.21426e-06	8.37106e-07
-0.00999999	8.96123e-06	8.66665e-07
0.00999999	8.81421e-06	8.5865e-07
0.03	9.42192e-06	8.90343e-07
0.05	8.96617e-06	8.66632e-07
0.0699999	8.35012e-06	8.37616e-07
0.0899999	8.30194e-06	8.33098e-07
0.11	8.55731e-06	8.53134e-07
0.13	8.30122e-06	8.44039e-07
0.15	8.80262e-06	8.70034e-07
0.17	8.44995e-06	8.52982e-07
0.19	9.03342e-06	8.81149e-07
0.21	9.3011e-06	8.89848e-07
0.23	8.93739e-06	8.79079e-07
0.25	7.69462e-06	8.08445e-07
0.27	8.50546e-06	8.52547e-07
0.29	8.81929e-06	8.70378e-07
0.31	8.77905e-06	8.68404e-07
0.33	8.81902e-06	8.80898e-07
0.35	8.55246e-06	8.67774e-07
0.37	8.72182e-06	8.75989e-07
0.39	9.59368e-06	9.13023e-07
0.41	9.2762e-06	8.96435e-07
0.43	8.82629e-06	8.69378e-07
0.45	9.09848e-06	8.8483e-07
0.47	8.43311e-06	8.53537e-07
0.49	9.54845e-06	9.07977e-07
0.51	9.21073e-06	8.83744e-07
0.53	9.69215e-06	9.04514e-07
0.55	9.65299e-06	9.10303e-07
0.57	9.24623e-06	8.84797e-07
0.59	9.89129e-06	9.1882e-07
0.61	1.02631e-05	9.32459e-07
0.63	1.05145e-05	9.51839e-07
0.65	9.93396e-06	9.27947e-07
0.67	1.03895e-05	9.48962e-07
0.69	1.11224e-05	9.85823e-07
0.71	1.12987e-05	9.95316e-07
0.73	1.13299e-05	9.97209e-07
0.75	1.17816e-05	1.02493e-06
0.77	1.19249e-05	1.02923e-06
0.79	1.3165e-05	1.07619e-06
0.81	1.39225e-05	1.11716e-06
0.83	1.36066e-05	1.10733e-06
0.85	1.4201e-05	1.12002e-06
0.87	1.42915e-05	1.11689e-06
0.89	1.41189e-05	1.10523e-06
0.91	1.54141e-05	1.15433e-06
0.93	1.54208e-05	1.15288e-06
0.95	1.57746e-05	1.16139e-06
0.97	1.58612e-05	1.16004e-06
0.99	1.49515e-05	1.12136e-06
1.01	1.57237e-05	1.13346e-06
1.03	1.68849e-05	1.16931e-06
1.05	1.78429e-05	1.20003e-06
1.07	1.73145e-05	1.16149e-06
1.09	1.74638e-05	1.20663e-06
1.11	1.7891e-05	1.25381e-06
1.13	1.80962e-05	1.26697e-06
1.15	1.67461e-05	1.21155e-06
1.17	1.76983e-05	1.25633e-06
1.19	1.82665e-05	1.28074e-06
1.21	1.77043e-05	1.26167e-06
1.23	1.77314e-05	1.25334e-06
1.25	1.74856e-05	1.24294e-06
1.27	1.71191e-05	1.22862e-06
1.29	1.6012e-05	1.16735e-06
1.31	1.51692e-05	1.14952e-06
1.33	1.58346e-05	1.17175e-06
1.35	1.56383e-05	1.16136e-06
1.37	-nan	-nan
1.39	-nan	-nan
1.41	-nan	-nan
1.43	-nan	-nan
1.45	-nan	-nan
1.47	-nan	-nan
1.49	-nan	-nan
