# {InputWorkspace: MoTe2_S1_P37_warm_up_201_270K_target_252.1854actual	 P1Bin: -2.07,1.92	 P2Bin: -0.1,0.1	 P3Bin: -1.49,0,1.49	 P4Bin: 	 P5Bin: 	 OutputWorkspace: MoTe2_S1_P37_warm_up_201_270K_target_252.1854actual_cuts }
# [0,0,L] in 0.462 A^-1	 Signal	 Error
-1.49	-nan	-nan
-1.47	-nan	-nan
-1.45	-nan	-nan
-1.43	-nan	-nan
-1.41	-nan	-nan
-1.39	-nan	-nan
-1.37	-nan	-nan
-1.35	-nan	-nan
-1.33	-nan	-nan
-1.31	-nan	-nan
-1.29	-nan	-nan
-1.27	-nan	-nan
-1.25	-nan	-nan
-1.23	-nan	-nan
-1.21	-nan	-nan
-1.19	-nan	-nan
-1.17	-nan	-nan
-1.15	-nan	-nan
-1.13	-nan	-nan
-1.11	-nan	-nan
-1.09	1.71967e-05	1.21015e-06
-1.07	1.82248e-05	1.24871e-06
-1.05	2.02171e-05	1.314e-06
-1.03	2.10334e-05	1.34944e-06
-1.01	2.06587e-05	1.34366e-06
-0.99	2.12943e-05	1.3614e-06
-0.97	2.03087e-05	1.32709e-06
-0.95	2.08723e-05	1.34588e-06
-0.93	2.07685e-05	1.33354e-06
-0.91	2.05576e-05	1.33049e-06
-0.89	2.15042e-05	1.36015e-06
-0.87	2.04267e-05	1.32545e-06
-0.85	2.06793e-05	1.3299e-06
-0.83	2.03085e-05	1.3218e-06
-0.81	1.97396e-05	1.31367e-06
-0.79	1.84076e-05	1.27183e-06
-0.77	1.74401e-05	1.23905e-06
-0.75	1.61953e-05	1.18903e-06
-0.73	1.51813e-05	1.15415e-06
-0.71	1.32015e-05	1.08193e-06
-0.69	1.32873e-05	1.087e-06
-0.67	1.2387e-05	1.04753e-06
-0.65	1.14119e-05	9.91277e-07
-0.63	1.10769e-05	9.66077e-07
-0.61	1.01946e-05	9.13891e-07
-0.59	1.00276e-05	9.00447e-07
-0.57	9.66885e-06	9.03267e-07
-0.55	1.00567e-05	9.31136e-07
-0.53	9.85762e-06	9.11183e-07
-0.51	8.8267e-06	8.53758e-07
-0.49	9.14311e-06	8.79496e-07
-0.47	8.93008e-06	8.65483e-07
-0.45	8.89393e-06	8.68867e-07
-0.43	8.60749e-06	8.59547e-07
-0.41	9.18849e-06	8.93276e-07
-0.39	8.46731e-06	8.59676e-07
-0.37	8.441e-06	8.57171e-07
-0.35	8.78794e-06	8.7931e-07
-0.33	8.87478e-06	8.86474e-07
-0.31	8.31448e-06	8.51468e-07
-0.29	9.57093e-06	9.18416e-07
-0.27	9.36213e-06	9.10923e-07
-0.25	9.19244e-06	9.00306e-07
-0.23	8.58781e-06	8.69944e-07
-0.21	8.65425e-06	8.71345e-07
-0.19	8.9266e-06	8.83366e-07
-0.17	8.45248e-06	8.57386e-07
-0.15	8.35643e-06	8.50254e-07
-0.13	9.12387e-06	8.87983e-07
-0.11	9.0599e-06	8.81103e-07
-0.09	8.79939e-06	8.64365e-07
-0.0700001	9.15492e-06	8.78914e-07
-0.0500001	8.75359e-06	8.51136e-07
-0.0300001	8.88687e-06	8.66375e-07
-0.00999999	9.20733e-06	8.73621e-07
0.00999999	9.4069e-06	8.82032e-07
0.03	9.46125e-06	8.92114e-07
0.05	9.09323e-06	8.71784e-07
0.0699999	9.16199e-06	8.74904e-07
0.0899999	9.30415e-06	8.85462e-07
0.11	8.82721e-06	8.67942e-07
0.13	8.37777e-06	8.39471e-07
0.15	8.89517e-06	8.768e-07
0.17	8.88077e-06	8.72616e-07
0.19	8.5457e-06	8.55333e-07
0.21	8.91963e-06	8.73105e-07
0.23	8.11996e-06	8.3433e-07
0.25	8.41441e-06	8.45777e-07
0.27	8.26015e-06	8.42397e-07
0.29	7.79123e-06	8.16818e-07
0.31	7.76103e-06	8.10063e-07
0.33	8.34208e-06	8.51785e-07
0.35	8.06204e-06	8.42274e-07
0.37	7.91539e-06	8.28199e-07
0.39	8.24082e-06	8.45966e-07
0.41	8.00739e-06	8.31047e-07
0.43	7.80544e-06	8.21115e-07
0.45	7.88451e-06	8.23196e-07
0.47	8.04444e-06	8.37669e-07
0.49	8.27332e-06	8.53737e-07
0.51	8.59866e-06	8.59836e-07
0.53	7.78939e-06	8.24173e-07
0.55	8.82092e-06	8.8057e-07
0.57	8.84267e-06	8.81925e-07
0.59	8.77966e-06	8.74115e-07
0.61	8.37115e-06	8.52504e-07
0.63	8.5172e-06	8.6235e-07
0.65	9.68071e-06	9.24992e-07
0.67	1.03508e-05	9.51574e-07
0.69	9.71226e-06	9.1696e-07
0.71	1.09088e-05	9.77337e-07
0.73	1.06926e-05	9.68693e-07
0.75	1.20293e-05	1.0401e-06
0.77	1.35275e-05	1.09821e-06
0.79	1.38871e-05	1.10882e-06
0.81	1.48065e-05	1.14526e-06
0.83	1.74498e-05	1.25297e-06
0.85	1.78115e-05	1.25183e-06
0.87	1.97248e-05	1.3061e-06
0.89	1.86571e-05	1.26665e-06
0.91	1.9573e-05	1.29177e-06
0.93	1.97763e-05	1.28717e-06
0.95	1.95401e-05	1.27252e-06
0.97	1.93716e-05	1.27099e-06
0.99	1.94992e-05	1.26526e-06
1.01	1.97708e-05	1.25269e-06
1.03	2.12915e-05	1.29335e-06
1.05	2.12216e-05	1.28108e-06
1.07	1.95298e-05	1.20804e-06
1.09	2.09736e-05	1.32427e-06
1.11	1.92307e-05	1.31018e-06
1.13	1.73484e-05	1.24435e-06
1.15	1.78719e-05	1.25168e-06
1.17	1.59336e-05	1.19721e-06
1.19	1.49022e-05	1.15554e-06
1.21	1.33419e-05	1.08827e-06
1.23	1.30572e-05	1.07655e-06
1.25	1.26892e-05	1.06378e-06
1.27	1.15908e-05	1.00662e-06
1.29	1.09495e-05	9.74946e-07
1.31	1.07743e-05	9.71373e-07
1.33	1.09889e-05	9.83839e-07
1.35	1.09686e-05	9.83369e-07
1.37	-nan	-nan
1.39	-nan	-nan
1.41	-nan	-nan
1.43	-nan	-nan
1.45	-nan	-nan
1.47	-nan	-nan
1.49	-nan	-nan
