# {InputWorkspace: MoTe2_S1_P37_cool_down_201_250K_target_264.5948actual	 P1Bin: -2.07,1.92	 P2Bin: -0.1,0.1	 P3Bin: -1.49,0,1.49	 P4Bin: 	 P5Bin: 	 OutputWorkspace: MoTe2_S1_P37_cool_down_201_250K_target_264.5948actual_cuts }
# [0,0,L] in 0.462 A^-1	 Signal	 Error
-1.49	-nan	-nan
-1.47	-nan	-nan
-1.45	-nan	-nan
-1.43	-nan	-nan
-1.41	-nan	-nan
-1.39	-nan	-nan
-1.37	-nan	-nan
-1.35	-nan	-nan
-1.33	-nan	-nan
-1.31	-nan	-nan
-1.29	-nan	-nan
-1.27	-nan	-nan
-1.25	-nan	-nan
-1.23	-nan	-nan
-1.21	-nan	-nan
-1.19	-nan	-nan
-1.17	-nan	-nan
-1.15	-nan	-nan
-1.13	-nan	-nan
-1.11	-nan	-nan
-1.09	1.49082e-05	1.13507e-06
-1.07	1.46423e-05	1.127e-06
-1.05	1.39975e-05	1.10205e-06
-1.03	1.50194e-05	1.15065e-06
-1.01	1.43649e-05	1.12466e-06
-0.99	1.39256e-05	1.10326e-06
-0.97	1.34591e-05	1.08814e-06
-0.95	1.40312e-05	1.10312e-06
-0.93	1.36768e-05	1.09048e-06
-0.91	1.36157e-05	1.08272e-06
-0.89	1.32943e-05	1.07537e-06
-0.87	1.4418e-05	1.11078e-06
-0.85	1.40279e-05	1.09781e-06
-0.83	1.28072e-05	1.03574e-06
-0.81	1.53201e-05	1.13824e-06
-0.79	1.45499e-05	1.10745e-06
-0.77	1.50791e-05	1.13049e-06
-0.75	1.39814e-05	1.07767e-06
-0.73	1.46017e-05	1.10805e-06
-0.71	1.56771e-05	1.13974e-06
-0.69	1.53016e-05	1.13871e-06
-0.67	1.58747e-05	1.1736e-06
-0.65	1.54753e-05	1.12345e-06
-0.63	1.4023e-05	1.06064e-06
-0.61	1.45342e-05	1.09552e-06
-0.59	1.4483e-05	1.10758e-06
-0.57	1.41979e-05	1.12309e-06
-0.55	1.4724e-05	1.15616e-06
-0.53	1.35973e-05	1.10333e-06
-0.51	1.30762e-05	1.07731e-06
-0.49	1.25023e-05	1.05239e-06
-0.47	1.17951e-05	1.01423e-06
-0.45	1.21242e-05	1.03924e-06
-0.43	1.05798e-05	9.69382e-07
-0.41	1.1025e-05	9.90676e-07
-0.39	1.0765e-05	9.74703e-07
-0.37	1.00064e-05	9.44431e-07
-0.35	9.74626e-06	9.25524e-07
-0.33	9.64981e-06	9.15264e-07
-0.31	9.35494e-06	9.03309e-07
-0.29	9.14661e-06	8.90487e-07
-0.27	8.40802e-06	8.48841e-07
-0.25	8.59381e-06	8.6037e-07
-0.23	8.40432e-06	8.48301e-07
-0.21	8.90679e-06	8.81801e-07
-0.19	8.32266e-06	8.44899e-07
-0.17	8.57032e-06	8.59638e-07
-0.15	8.76845e-06	8.70987e-07
-0.13	8.15337e-06	8.34077e-07
-0.11	8.98532e-06	8.7957e-07
-0.09	8.26076e-06	8.42804e-07
-0.0700001	8.2548e-06	8.40659e-07
-0.0500001	8.67557e-06	8.58854e-07
-0.0300001	7.56992e-06	8.04257e-07
-0.00999999	7.96983e-06	8.20369e-07
0.00999999	7.8993e-06	8.16459e-07
0.03	8.55139e-06	8.57774e-07
0.05	8.19824e-06	8.39514e-07
0.0699999	8.89427e-06	8.68144e-07
0.0899999	8.26848e-06	8.37136e-07
0.11	7.83934e-06	8.20058e-07
0.13	8.39806e-06	8.47267e-07
0.15	8.34064e-06	8.49422e-07
0.17	8.95035e-06	8.79585e-07
0.19	8.4182e-06	8.51516e-07
0.21	9.06985e-06	8.82424e-07
0.23	8.52791e-06	8.63596e-07
0.25	9.05034e-06	8.74887e-07
0.27	8.93486e-06	8.7003e-07
0.29	9.33458e-06	8.90641e-07
0.31	8.66765e-06	8.61161e-07
0.33	8.60214e-06	8.6519e-07
0.35	8.68372e-06	8.74343e-07
0.37	8.88345e-06	8.76525e-07
0.39	9.61913e-06	9.15475e-07
0.41	9.66672e-06	9.15267e-07
0.43	9.16056e-06	8.88969e-07
0.45	8.97654e-06	8.75189e-07
0.47	8.53026e-06	8.50484e-07
0.49	9.38038e-06	8.92257e-07
0.51	8.80922e-06	8.67816e-07
0.53	9.40973e-06	8.91379e-07
0.55	9.79724e-06	9.09463e-07
0.57	9.76486e-06	9.103e-07
0.59	9.93145e-06	9.11518e-07
0.61	1.02537e-05	9.27976e-07
0.63	1.01155e-05	9.32765e-07
0.65	1.06557e-05	9.61414e-07
0.67	1.05399e-05	9.48369e-07
0.69	1.0407e-05	9.51713e-07
0.71	1.16592e-05	1.00751e-06
0.73	1.12355e-05	9.96005e-07
0.75	1.18414e-05	1.02478e-06
0.77	1.24068e-05	1.04908e-06
0.79	1.15549e-05	1.01388e-06
0.81	1.18419e-05	1.02648e-06
0.83	1.26237e-05	1.06674e-06
0.85	1.27245e-05	1.06815e-06
0.87	1.26293e-05	1.05382e-06
0.89	1.24657e-05	1.04657e-06
0.91	1.27137e-05	1.05671e-06
0.93	1.34796e-05	1.09201e-06
0.95	1.33351e-05	1.08081e-06
0.97	1.33871e-05	1.07414e-06
0.99	1.361e-05	1.07878e-06
1.01	1.52234e-05	1.14752e-06
1.03	1.45173e-05	1.11749e-06
1.05	1.6653e-05	1.18275e-06
1.07	1.73368e-05	1.17322e-06
1.09	1.78184e-05	1.20707e-06
1.11	2.03471e-05	1.35221e-06
1.13	1.96097e-05	1.33284e-06
1.15	2.16174e-05	1.38894e-06
1.17	2.12133e-05	1.37692e-06
1.19	2.12685e-05	1.3848e-06
1.21	2.24509e-05	1.42806e-06
1.23	2.20038e-05	1.38954e-06
1.25	2.05857e-05	1.33849e-06
1.27	2.08688e-05	1.3562e-06
1.29	2.10409e-05	1.33777e-06
1.31	1.91933e-05	1.27864e-06
1.33	1.96767e-05	1.29696e-06
1.35	1.90335e-05	1.27528e-06
1.37	-nan	-nan
1.39	-nan	-nan
1.41	-nan	-nan
1.43	-nan	-nan
1.45	-nan	-nan
1.47	-nan	-nan
1.49	-nan	-nan
